New game: 777 Sat Aug 13 23:18:36 IDT 2016
*********************************************************
New number 03,05,10,11,12,28,30,31,32,36,37,38,42,57,60,67,68
Number 03,05,10,11,12,28,30,31,32,36,37,38,42,57,60,67,68 can't be usable
New number 01,05,14,18,22,25,26,29,32,35,36,44,52,57,63,65,69
Number 01,05,14,18,22,25,26,29,32,35,36,44,52,57,63,65,69 can't be usable
New number 05,06,09,15,16,19,20,21,26,33,37,42,50,61,63,69,70
Number 05,06,09,15,16,19,20,21,26,33,37,42,50,61,63,69,70 can't be usable
New number 03,05,12,14,15,19,23,25,26,30,32,35,39,48,60,67,68
Number 03,05,12,14,15,19,23,25,26,30,32,35,39,48,60,67,68 can't be usable
New number 01,11,17,21,24,28,31,35,36,40,49,52,54,61,63,64,66
Number 01,11,17,21,24,28,31,35,36,40,49,52,54,61,63,64,66 can't be usable
New number 04,06,07,08,11,14,21,31,34,38,41,42,48,57,60,66,68
Number 04,06,07,08,11,14,21,31,34,38,41,42,48,57,60,66,68 can't be usable
New number 06,07,15,16,18,20,31,35,40,43,46,50,52,59,62,63,67
Number 06,07,15,16,18,20,31,35,40,43,46,50,52,59,62,63,67 can't be usable
New number 01,04,10,11,13,17,29,30,35,52,53,54,56,60,62,63,67
Number 01,04,10,11,13,17,29,30,35,52,53,54,56,60,62,63,67 can't be usable
New number 01,06,08,09,11,13,18,21,24,34,39,43,44,45,49,63,69
Number 01,06,08,09,11,13,18,21,24,34,39,43,44,45,49,63,69 can't be usable
New number 01,09,15,28,29,30,31,33,44,46,52,55,56,60,62,65,68
Number 01,09,15,28,29,30,31,33,44,46,52,55,56,60,62,65,68 can't be usable
New number 01,08,09,11,12,13,14,18,20,21,24,27,30,39,52,53,61
Number 01,08,09,11,12,13,14,18,20,21,24,27,30,39,52,53,61 can't be usable
New number 07,11,14,15,17,24,27,28,35,36,37,42,49,51,55,58,68
Number 07,11,14,15,17,24,27,28,35,36,37,42,49,51,55,58,68 can't be usable
New number 08,09,18,24,25,26,28,32,33,37,38,42,51,54,57,60,66
Number 08,09,18,24,25,26,28,32,33,37,38,42,51,54,57,60,66 can't be usable
New number 03,04,06,10,15,21,38,40,44,46,47,50,52,54,61,62,64
Number 03,04,06,10,15,21,38,40,44,46,47,50,52,54,61,62,64 can't be usable
New number 04,05,07,10,11,15,20,21,24,27,29,34,42,47,60,64,69
Number 04,05,07,10,11,15,20,21,24,27,29,34,42,47,60,64,69 can't be usable
New number 02,12,13,15,21,22,23,37,38,49,54,58,60,61,64,67,69
Number 02,12,13,15,21,22,23,37,38,49,54,58,60,61,64,67,69 can't be usable
New number 10,12,13,15,17,33,40,43,45,48,50,51,52,58,60,65,67
Number 10,12,13,15,17,33,40,43,45,48,50,51,52,58,60,65,67 can't be usable
New number 01,06,09,10,11,13,18,19,21,26,28,33,37,39,45,55,56
Number 01,06,09,10,11,13,18,19,21,26,28,33,37,39,45,55,56 can't be usable
New number 03,13,14,20,24,30,33,41,43,45,50,52,53,54,61,66,67
Number 03,13,14,20,24,30,33,41,43,45,50,52,53,54,61,66,67 can't be usable
New number 05,08,13,19,24,27,31,43,44,45,47,54,56,60,62,66,69
Number 05,08,13,19,24,27,31,43,44,45,47,54,56,60,62,66,69 can't be usable
New number 01,06,07,10,11,12,19,33,34,40,44,54,58,59,63,65,66
Number 01,06,07,10,11,12,19,33,34,40,44,54,58,59,63,65,66 can't be usable
New number 06,08,10,11,13,18,22,23,27,34,44,45,50,58,63,66,67
Number 06,08,10,11,13,18,22,23,27,34,44,45,50,58,63,66,67 can't be usable
New number 03,05,10,13,17,19,29,34,36,37,38,48,57,64,65,66,69
Number 03,05,10,13,17,19,29,34,36,37,38,48,57,64,65,66,69 can't be usable
New number 04,09,12,17,21,25,36,41,46,48,51,53,56,57,59,62,68
Number 04,09,12,17,21,25,36,41,46,48,51,53,56,57,59,62,68 can't be usable
New number 02,04,06,08,19,33,38,43,44,47,48,49,50,51,63,65,66
Number 02,04,06,08,19,33,38,43,44,47,48,49,50,51,63,65,66 can't be usable
New number 05,08,14,15,19,30,32,34,36,39,41,45,47,51,53,55,65
Number 05,08,14,15,19,30,32,34,36,39,41,45,47,51,53,55,65 can't be usable
New number 07,11,14,25,28,30,32,33,36,37,39,50,54,56,59,66,70
Number 07,11,14,25,28,30,32,33,36,37,39,50,54,56,59,66,70 can't be usable
New number 16,21,23,24,26,28,30,32,41,46,50,54,56,58,61,62,66
Number 16,21,23,24,26,28,30,32,41,46,50,54,56,58,61,62,66 can't be usable
New number 03,06,15,17,20,23,26,28,31,33,38,41,48,56,57,58,64
Number 03,06,15,17,20,23,26,28,31,33,38,41,48,56,57,58,64 can't be usable
New number 06,11,13,17,18,35,44,47,49,55,57,58,61,63,64,65,67
Number 06,11,13,17,18,35,44,47,49,55,57,58,61,63,64,65,67 can't be usable
New number 05,08,10,16,17,24,27,29,30,37,39,41,43,46,50,59,62
Number 05,08,10,16,17,24,27,29,30,37,39,41,43,46,50,59,62 can't be usable
New number 08,10,14,18,19,21,29,38,39,41,46,53,57,62,64,66,70
Number 08,10,14,18,19,21,29,38,39,41,46,53,57,62,64,66,70 can't be usable
New number 07,10,13,15,17,22,24,32,35,38,39,45,53,57,60,63,68
Number 07,10,13,15,17,22,24,32,35,38,39,45,53,57,60,63,68 can't be usable
New number 01,06,08,11,20,27,28,30,33,38,40,43,45,50,57,64,65
Number 01,06,08,11,20,27,28,30,33,38,40,43,45,50,57,64,65 can't be usable
New number 01,05,08,09,21,22,25,29,34,36,40,54,55,57,62,63,70
Number 01,05,08,09,21,22,25,29,34,36,40,54,55,57,62,63,70 can't be usable
New number 09,11,17,20,21,24,35,37,38,39,43,51,54,56,57,61,64
Number 09,11,17,20,21,24,35,37,38,39,43,51,54,56,57,61,64 can't be usable
New number 04,07,09,12,17,25,30,37,43,44,45,46,50,55,56,61,64
Number 04,07,09,12,17,25,30,37,43,44,45,46,50,55,56,61,64 can't be usable
New number 06,15,16,28,31,37,43,44,45,46,51,55,57,59,60,62,65
Number 06,15,16,28,31,37,43,44,45,46,51,55,57,59,60,62,65 can't be usable
New number 01,02,03,14,18,20,26,30,45,47,53,57,59,60,62,63,67
Number 01,02,03,14,18,20,26,30,45,47,53,57,59,60,62,63,67 can't be usable
New number 04,06,08,10,11,21,34,48,49,56,60,62,64,65,66,68,69
Number 04,06,08,10,11,21,34,48,49,56,60,62,64,65,66,68,69 can't be usable
New number 06,07,10,11,18,27,30,38,44,46,48,50,51,57,62,66,70
Number 06,07,10,11,18,27,30,38,44,46,48,50,51,57,62,66,70 can't be usable
New number 01,06,07,08,19,21,28,30,35,36,39,43,44,45,61,65,70
Number 01,06,07,08,19,21,28,30,35,36,39,43,44,45,61,65,70 can't be usable
New number 14,16,18,19,21,24,34,36,38,40,41,49,52,53,62,63,68
Number 14,16,18,19,21,24,34,36,38,40,41,49,52,53,62,63,68 can't be usable
New number 06,08,11,15,27,35,38,40,41,47,50,51,53,58,61,63,69
Number 06,08,11,15,27,35,38,40,41,47,50,51,53,58,61,63,69 can't be usable
New number 06,14,18,21,26,29,30,33,37,39,43,44,49,52,54,60,63
Number 06,14,18,21,26,29,30,33,37,39,43,44,49,52,54,60,63 can't be usable
New number 05,22,26,32,33,34,37,42,43,51,53,54,56,65,66,67,70
Number 05,22,26,32,33,34,37,42,43,51,53,54,56,65,66,67,70 can't be usable
New number 01,06,09,13,14,18,20,22,25,32,33,34,39,40,48,64,68
Number 01,06,09,13,14,18,20,22,25,32,33,34,39,40,48,64,68 can't be usable
New number 02,03,04,06,11,16,19,31,33,39,42,51,58,59,60,64,67
Number 02,03,04,06,11,16,19,31,33,39,42,51,58,59,60,64,67 can't be usable
New number 05,08,11,16,17,18,22,23,32,35,40,42,45,47,53,55,64
Number 05,08,11,16,17,18,22,23,32,35,40,42,45,47,53,55,64 can't be usable
New number 03,04,09,10,13,32,37,42,43,46,47,50,51,56,59,60,67
Number 03,04,09,10,13,32,37,42,43,46,47,50,51,56,59,60,67 can't be usable
New number 01,03,05,11,16,17,20,25,28,32,34,43,58,61,63,66,68
Number 01,03,05,11,16,17,20,25,28,32,34,43,58,61,63,66,68 can't be usable
New number 02,06,09,12,13,17,20,26,27,34,35,37,46,55,58,64,70
Number 02,06,09,12,13,17,20,26,27,34,35,37,46,55,58,64,70 can't be usable
New number 13,15,17,20,29,31,33,37,40,45,46,50,56,58,60,62,66
Number 13,15,17,20,29,31,33,37,40,45,46,50,56,58,60,62,66 can't be usable
New number 12,14,21,24,29,31,34,35,41,43,52,60,65,67,68,69,70
Number 12,14,21,24,29,31,34,35,41,43,52,60,65,67,68,69,70 can't be usable
New number 01,02,11,13,22,30,35,38,39,41,45,47,51,52,53,67,68
Number 01,02,11,13,22,30,35,38,39,41,45,47,51,52,53,67,68 can't be usable
New number 02,07,09,24,26,33,38,43,44,52,57,61,62,64,66,68,70
Number 02,07,09,24,26,33,38,43,44,52,57,61,62,64,66,68,70 can't be usable
New number 07,10,14,15,16,24,32,34,37,40,42,52,54,59,63,67,69
Number 07,10,14,15,16,24,32,34,37,40,42,52,54,59,63,67,69 can't be usable
New number 01,07,10,11,14,25,31,39,43,45,48,54,55,56,57,62,66
Number 01,07,10,11,14,25,31,39,43,45,48,54,55,56,57,62,66 can't be usable
New number 06,13,17,18,19,33,45,47,54,55,56,58,61,63,64,67,68
Number 06,13,17,18,19,33,45,47,54,55,56,58,61,63,64,67,68 can't be usable
New number 02,06,07,11,15,19,28,30,34,36,47,52,54,57,62,64,69
Number 02,06,07,11,15,19,28,30,34,36,47,52,54,57,62,64,69 can't be usable
New number 02,06,08,17,18,21,22,24,25,28,32,43,48,55,60,62,68
Number 02,06,08,17,18,21,22,24,25,28,32,43,48,55,60,62,68 can't be usable
New number 08,09,12,16,20,27,28,35,37,42,44,50,52,53,62,66,69
Number 08,09,12,16,20,27,28,35,37,42,44,50,52,53,62,66,69 can't be usable
New number 02,04,12,19,23,24,33,40,43,44,47,49,52,54,60,62,69
Number 02,04,12,19,23,24,33,40,43,44,47,49,52,54,60,62,69 can't be usable
New number 06,10,11,18,26,32,36,37,43,48,52,55,58,61,64,67,70
Number 06,10,11,18,26,32,36,37,43,48,52,55,58,61,64,67,70 can't be usable
New number 01,09,12,13,15,17,18,29,38,47,54,56,57,61,65,66,67
Number 01,09,12,13,15,17,18,29,38,47,54,56,57,61,65,66,67 can't be usable
New number 04,05,22,28,30,36,37,39,43,44,48,49,51,54,57,64,69
Number 04,05,22,28,30,36,37,39,43,44,48,49,51,54,57,64,69 can't be usable
New number 02,08,09,10,23,25,29,33,41,45,47,58,59,61,64,65,70
Number 02,08,09,10,23,25,29,33,41,45,47,58,59,61,64,65,70 can't be usable
New number 05,07,16,21,22,23,27,31,32,33,36,50,53,60,62,63,64
Number 05,07,16,21,22,23,27,31,32,33,36,50,53,60,62,63,64 can't be usable
New number 07,15,21,28,30,31,37,39,41,44,54,56,58,65,66,67,70
Number 07,15,21,28,30,31,37,39,41,44,54,56,58,65,66,67,70 can't be usable
New number 04,11,12,14,24,32,33,34,38,41,49,50,54,56,61,65,68
Number 04,11,12,14,24,32,33,34,38,41,49,50,54,56,61,65,68 can't be usable
New number 04,06,07,09,12,14,23,24,34,40,41,42,45,46,50,63,68
Number 04,06,07,09,12,14,23,24,34,40,41,42,45,46,50,63,68 can't be usable
New number 01,08,12,14,15,20,25,30,39,42,45,46,48,50,52,59,64
Number 01,08,12,14,15,20,25,30,39,42,45,46,48,50,52,59,64 can't be usable
New number 02,04,05,07,08,09,12,19,26,31,32,33,40,48,54,63,69
Number 02,04,05,07,08,09,12,19,26,31,32,33,40,48,54,63,69 can't be usable
New number 03,04,06,07,08,09,11,18,19,26,27,28,36,38,39,44,60
Number 03,04,06,07,08,09,11,18,19,26,27,28,36,38,39,44,60 can't be usable
New number 02,06,11,18,21,30,32,35,37,41,43,46,52,53,54,66,69
Number 02,06,11,18,21,30,32,35,37,41,43,46,52,53,54,66,69 can't be usable
New number 03,05,10,15,16,21,26,31,32,33,38,39,42,43,45,46,53
Number 03,05,10,15,16,21,26,31,32,33,38,39,42,43,45,46,53 can't be usable
New number 01,08,09,11,13,14,15,20,21,32,44,53,57,64,67,69,70
Number 01,08,09,11,13,14,15,20,21,32,44,53,57,64,67,69,70 can't be usable
New number 02,08,09,10,11,13,22,26,34,36,46,47,53,60,61,63,65
Number 02,08,09,10,11,13,22,26,34,36,46,47,53,60,61,63,65 can't be usable
New number 01,10,15,16,18,22,26,28,30,44,47,48,52,61,62,66,70
Number 01,10,15,16,18,22,26,28,30,44,47,48,52,61,62,66,70 can't be usable
New number 12,13,14,15,20,24,27,32,37,43,52,55,61,63,64,67,68
Number 12,13,14,15,20,24,27,32,37,43,52,55,61,63,64,67,68 can't be usable
New number 01,03,04,09,21,25,29,32,33,41,42,44,50,51,53,66,68
Number 01,03,04,09,21,25,29,32,33,41,42,44,50,51,53,66,68 can't be usable
New number 05,06,07,16,19,21,23,24,27,28,31,40,45,55,58,63,65
Number 05,06,07,16,19,21,23,24,27,28,31,40,45,55,58,63,65 can't be usable
New number 01,02,03,07,09,16,32,37,43,48,51,55,57,60,66,69,70
Number 01,02,03,07,09,16,32,37,43,48,51,55,57,60,66,69,70 can't be usable
New number 06,11,12,16,17,18,27,29,33,34,39,43,47,51,57,69,70
Number 06,11,12,16,17,18,27,29,33,34,39,43,47,51,57,69,70 can't be usable
New number 01,05,07,11,16,31,33,34,38,42,43,44,45,48,55,60,61
Number 01,05,07,11,16,31,33,34,38,42,43,44,45,48,55,60,61 can't be usable
New number 02,04,06,07,08,09,15,18,26,29,46,58,60,61,67,68,70
Number 02,04,06,07,08,09,15,18,26,29,46,58,60,61,67,68,70 can't be usable
New number 12,17,21,23,24,27,31,45,46,48,49,52,54,55,60,66,69
Number 12,17,21,23,24,27,31,45,46,48,49,52,54,55,60,66,69 can't be usable
New number 02,09,10,13,20,22,24,25,40,41,42,48,49,50,57,58,64
Number 02,09,10,13,20,22,24,25,40,41,42,48,49,50,57,58,64 can't be usable
New number 01,04,05,06,10,14,18,23,26,38,46,48,50,55,62,63,67
Number 01,04,05,06,10,14,18,23,26,38,46,48,50,55,62,63,67 can't be usable
New number 05,07,24,25,26,27,28,38,45,48,53,54,55,62,63,64,66
Number 05,07,24,25,26,27,28,38,45,48,53,54,55,62,63,64,66 can't be usable
New number 02,06,12,16,23,24,28,31,35,48,53,54,58,60,64,66,69
Number 02,06,12,16,23,24,28,31,35,48,53,54,58,60,64,66,69 can't be usable
New number 18,21,23,26,27,30,35,38,39,44,50,56,59,64,65,66,69
Number 18,21,23,26,27,30,35,38,39,44,50,56,59,64,65,66,69 can't be usable
New number 01,08,14,21,26,29,44,47,48,52,55,60,63,64,65,69,70
Number 01,08,14,21,26,29,44,47,48,52,55,60,63,64,65,69,70 can't be usable
New number 01,03,04,09,14,15,17,23,26,27,30,43,47,48,50,62,68
Number 01,03,04,09,14,15,17,23,26,27,30,43,47,48,50,62,68 can't be usable
New number 04,05,06,08,19,25,29,35,38,39,41,42,49,53,60,65,70
Number 04,05,06,08,19,25,29,35,38,39,41,42,49,53,60,65,70 can't be usable
New number 16,17,21,28,31,35,38,40,46,53,58,60,61,62,64,65,68
Number 16,17,21,28,31,35,38,40,46,53,58,60,61,62,64,65,68 can't be usable
New number 03,04,06,08,10,13,16,17,20,21,22,23,35,38,57,58,60
Number 03,04,06,08,10,13,16,17,20,21,22,23,35,38,57,58,60 can't be usable
New number 04,05,06,09,21,23,25,26,27,29,32,46,54,59,60,62,66
Number 04,05,06,09,21,23,25,26,27,29,32,46,54,59,60,62,66 can't be usable
New number 07,11,15,20,22,28,32,33,39,41,44,47,51,53,60,61,64
Number 07,11,15,20,22,28,32,33,39,41,44,47,51,53,60,61,64 can't be usable
New number 01,03,11,12,18,28,44,45,46,47,51,56,57,59,61,65,67
Number 01,03,11,12,18,28,44,45,46,47,51,56,57,59,61,65,67 can't be usable
New number 01,04,05,08,09,26,29,30,39,43,44,55,60,61,65,67,70
Number 01,04,05,08,09,26,29,30,39,43,44,55,60,61,65,67,70 can't be usable
New number 03,05,11,14,25,30,34,40,43,45,49,50,51,53,59,64,67
Number 03,05,11,14,25,30,34,40,43,45,49,50,51,53,59,64,67 can't be usable
New number 03,09,10,16,18,19,21,23,25,26,29,32,37,52,54,55,64
Number 03,09,10,16,18,19,21,23,25,26,29,32,37,52,54,55,64 can't be usable
New number 01,06,12,14,16,31,32,33,43,48,49,50,51,53,60,63,69
Number 01,06,12,14,16,31,32,33,43,48,49,50,51,53,60,63,69 can't be usable
New number 04,06,20,22,26,29,31,32,33,41,45,46,61,62,66,69,70
Number 04,06,20,22,26,29,31,32,33,41,45,46,61,62,66,69,70 can't be usable
New number 05,08,09,11,12,16,19,26,28,31,33,38,55,60,61,62,63
Number 05,08,09,11,12,16,19,26,28,31,33,38,55,60,61,62,63 can't be usable
New number 01,04,12,16,21,27,28,33,35,39,44,48,49,62,63,66,67
Number 01,04,12,16,21,27,28,33,35,39,44,48,49,62,63,66,67 can't be usable
New number 04,11,12,16,18,21,22,27,29,33,37,39,46,51,53,67,70
Number 04,11,12,16,18,21,22,27,29,33,37,39,46,51,53,67,70 can't be usable
New number 04,05,08,15,16,17,23,27,28,29,31,36,45,46,53,62,70
Number 04,05,08,15,16,17,23,27,28,29,31,36,45,46,53,62,70 can't be usable
New number 07,08,09,15,17,22,23,29,31,33,42,44,45,52,55,56,61
Number 07,08,09,15,17,22,23,29,31,33,42,44,45,52,55,56,61 can't be usable
New number 01,03,07,11,17,19,20,24,27,29,36,40,43,46,52,63,66
Number 01,03,07,11,17,19,20,24,27,29,36,40,43,46,52,63,66 can't be usable
New number 08,14,17,20,22,36,37,39,46,48,49,54,55,56,59,60,66
Number 08,14,17,20,22,36,37,39,46,48,49,54,55,56,59,60,66 can't be usable
New number 03,12,13,22,28,29,37,38,43,50,52,53,58,60,63,64,68
Number 03,12,13,22,28,29,37,38,43,50,52,53,58,60,63,64,68 can't be usable
New number 08,10,12,14,17,21,24,31,39,42,48,54,55,63,65,66,68
Number 08,10,12,14,17,21,24,31,39,42,48,54,55,63,65,66,68 can't be usable
New number 05,06,10,12,20,30,33,37,39,45,47,48,50,53,57,63,70
Number 05,06,10,12,20,30,33,37,39,45,47,48,50,53,57,63,70 can't be usable
New number 02,07,08,15,25,26,29,32,34,39,41,45,47,52,54,64,69
Number 02,07,08,15,25,26,29,32,34,39,41,45,47,52,54,64,69 can't be usable
New number 01,03,16,18,26,29,35,41,44,46,48,49,51,55,61,62,69
Number 01,03,16,18,26,29,35,41,44,46,48,49,51,55,61,62,69 can't be usable
New number 07,11,13,26,27,33,37,40,46,47,48,50,51,56,57,64,69
Number 07,11,13,26,27,33,37,40,46,47,48,50,51,56,57,64,69 can't be usable
New number 02,04,05,07,09,11,12,14,15,18,25,41,48,58,59,62,69
Number 02,04,05,07,09,11,12,14,15,18,25,41,48,58,59,62,69 can't be usable
New number 02,07,10,12,14,19,26,28,34,35,48,53,56,58,61,64,65
Number 02,07,10,12,14,19,26,28,34,35,48,53,56,58,61,64,65 can't be usable
New number 06,07,08,09,15,23,25,30,34,44,46,51,56,57,67,68,69
You can use number 06,07,08,09,15,23,25,30,34,44,46,51,56,57,67,68,69 Good Luck!
New number 07,16,21,30,34,42,43,47,48,52,53,58,59,62,63,64,66
Number 07,16,21,30,34,42,43,47,48,52,53,58,59,62,63,64,66 can't be usable
New number 02,08,10,11,12,15,16,19,29,36,38,42,51,64,66,67,69
Number 02,08,10,11,12,15,16,19,29,36,38,42,51,64,66,67,69 can't be usable
New number 11,13,17,20,21,23,27,32,39,41,42,44,54,55,58,66,67
Number 11,13,17,20,21,23,27,32,39,41,42,44,54,55,58,66,67 can't be usable
New number 05,09,14,16,17,22,23,24,31,32,38,51,53,55,56,61,63
Number 05,09,14,16,17,22,23,24,31,32,38,51,53,55,56,61,63 can't be usable
New number 02,17,19,22,25,27,28,40,41,42,47,50,56,59,60,63,66
Number 02,17,19,22,25,27,28,40,41,42,47,50,56,59,60,63,66 can't be usable
New number 02,04,06,07,10,11,19,21,25,32,34,35,44,56,59,60,63
Number 02,04,06,07,10,11,19,21,25,32,34,35,44,56,59,60,63 can't be usable
New number 10,12,14,16,20,23,26,33,39,44,49,54,56,62,63,66,67
Number 10,12,14,16,20,23,26,33,39,44,49,54,56,62,63,66,67 can't be usable
New number 02,09,10,14,17,21,32,35,42,47,48,56,58,62,65,66,68
Number 02,09,10,14,17,21,32,35,42,47,48,56,58,62,65,66,68 can't be usable
New number 10,15,23,24,32,34,36,44,46,47,50,52,54,63,66,69,70
Number 10,15,23,24,32,34,36,44,46,47,50,52,54,63,66,69,70 can't be usable
New number 10,12,14,17,19,24,25,32,33,34,43,46,53,55,56,62,68
Number 10,12,14,17,19,24,25,32,33,34,43,46,53,55,56,62,68 can't be usable
New number 03,05,14,19,22,24,35,48,54,59,60,62,65,66,67,69,70
Number 03,05,14,19,22,24,35,48,54,59,60,62,65,66,67,69,70 can't be usable
New number 01,03,04,11,20,22,26,27,29,34,39,49,50,55,59,60,64
Number 01,03,04,11,20,22,26,27,29,34,39,49,50,55,59,60,64 can't be usable
New number 06,08,13,17,27,32,34,35,48,49,52,55,56,58,62,64,69
Number 06,08,13,17,27,32,34,35,48,49,52,55,56,58,62,64,69 can't be usable
New number 02,04,05,06,07,10,11,12,19,28,29,31,36,50,51,62,67
Number 02,04,05,06,07,10,11,12,19,28,29,31,36,50,51,62,67 can't be usable
New number 04,08,09,13,30,32,35,37,42,43,44,45,47,51,66,67,69
Number 04,08,09,13,30,32,35,37,42,43,44,45,47,51,66,67,69 can't be usable
New number 04,09,18,21,24,33,48,50,51,55,58,59,60,62,67,68,69
Number 04,09,18,21,24,33,48,50,51,55,58,59,60,62,67,68,69 can't be usable
New number 05,08,10,16,20,21,23,31,35,37,38,49,50,60,63,68,69
Number 05,08,10,16,20,21,23,31,35,37,38,49,50,60,63,68,69 can't be usable
New number 06,08,09,14,19,24,26,33,34,38,39,40,49,53,55,67,69
Number 06,08,09,14,19,24,26,33,34,38,39,40,49,53,55,67,69 can't be usable
New number 01,04,05,07,09,13,14,15,19,25,32,36,43,44,55,63,68
Number 01,04,05,07,09,13,14,15,19,25,32,36,43,44,55,63,68 can't be usable
New number 03,12,14,27,33,34,39,40,41,47,52,55,57,58,59,68,70
Number 03,12,14,27,33,34,39,40,41,47,52,55,57,58,59,68,70 can't be usable
New number 04,08,25,30,39,41,42,46,47,52,58,59,64,65,66,67,70
Number 04,08,25,30,39,41,42,46,47,52,58,59,64,65,66,67,70 can't be usable
New number 02,03,07,12,20,23,28,34,36,37,38,44,47,58,59,62,69
Number 02,03,07,12,20,23,28,34,36,37,38,44,47,58,59,62,69 can't be usable
New number 02,03,05,08,10,22,23,24,33,35,39,41,43,51,52,53,68
Number 02,03,05,08,10,22,23,24,33,35,39,41,43,51,52,53,68 can't be usable
New number 10,13,16,18,21,23,30,32,41,43,45,49,50,57,60,68,70
Number 10,13,16,18,21,23,30,32,41,43,45,49,50,57,60,68,70 can't be usable
New number 05,11,14,16,20,24,25,29,37,41,44,49,51,57,64,66,70
Number 05,11,14,16,20,24,25,29,37,41,44,49,51,57,64,66,70 can't be usable
New number 02,13,16,20,21,24,36,37,38,45,49,54,56,57,64,65,67
Number 02,13,16,20,21,24,36,37,38,45,49,54,56,57,64,65,67 can't be usable
New number 03,10,20,25,35,38,43,44,45,46,53,55,56,58,61,63,64
Number 03,10,20,25,35,38,43,44,45,46,53,55,56,58,61,63,64 can't be usable
New number 04,10,20,26,28,31,34,35,38,42,45,50,54,55,60,64,70
Number 04,10,20,26,28,31,34,35,38,42,45,50,54,55,60,64,70 can't be usable
New number 09,13,18,20,21,28,29,30,33,37,38,43,48,54,56,59,66
Number 09,13,18,20,21,28,29,30,33,37,38,43,48,54,56,59,66 can't be usable
New number 03,04,07,08,13,15,25,27,40,42,44,49,57,65,67,69,70
You can use number 03,04,07,08,13,15,25,27,40,42,44,49,57,65,67,69,70 Good Luck!
New number 04,07,10,11,27,30,39,40,41,43,47,50,54,58,59,60,70
Number 04,07,10,11,27,30,39,40,41,43,47,50,54,58,59,60,70 can't be usable
New number 02,03,06,07,11,19,30,32,42,46,50,52,53,54,60,61,62
Number 02,03,06,07,11,19,30,32,42,46,50,52,53,54,60,61,62 can't be usable
New number 01,13,20,21,22,23,27,29,30,33,39,52,58,64,66,67,68
Number 01,13,20,21,22,23,27,29,30,33,39,52,58,64,66,67,68 can't be usable
New number 04,11,12,17,21,25,27,29,30,35,41,45,46,55,63,69,70
Number 04,11,12,17,21,25,27,29,30,35,41,45,46,55,63,69,70 can't be usable
New number 03,04,07,21,22,31,35,46,47,53,55,61,62,64,65,67,68
Number 03,04,07,21,22,31,35,46,47,53,55,61,62,64,65,67,68 can't be usable
New number 06,11,15,16,19,25,29,30,32,33,35,36,39,46,48,61,70
Number 06,11,15,16,19,25,29,30,32,33,35,36,39,46,48,61,70 can't be usable
New number 01,08,09,11,13,14,18,27,28,30,33,38,41,55,58,61,65
Number 01,08,09,11,13,14,18,27,28,30,33,38,41,55,58,61,65 can't be usable
New number 01,03,06,07,14,19,21,24,29,33,38,39,40,44,51,55,67
Number 01,03,06,07,14,19,21,24,29,33,38,39,40,44,51,55,67 can't be usable
New number 03,10,14,20,22,24,27,34,35,38,40,48,49,55,62,66,68
Number 03,10,14,20,22,24,27,34,35,38,40,48,49,55,62,66,68 can't be usable
New number 01,02,05,07,13,15,20,24,28,30,37,38,40,49,54,64,70
Number 01,02,05,07,13,15,20,24,28,30,37,38,40,49,54,64,70 can't be usable
New number 03,10,12,13,15,19,20,21,29,33,38,41,55,56,57,59,65
Number 03,10,12,13,15,19,20,21,29,33,38,41,55,56,57,59,65 can't be usable
New number 01,02,05,13,14,23,24,27,37,42,44,49,54,60,62,63,64
Number 01,02,05,13,14,23,24,27,37,42,44,49,54,60,62,63,64 can't be usable
New number 11,13,20,28,31,32,33,40,41,45,47,51,55,56,58,62,68
Number 11,13,20,28,31,32,33,40,41,45,47,51,55,56,58,62,68 can't be usable
New number 05,14,15,19,28,31,34,35,40,42,50,51,56,59,60,64,68
Number 05,14,15,19,28,31,34,35,40,42,50,51,56,59,60,64,68 can't be usable
New number 13,14,15,18,22,26,29,31,32,42,44,51,56,60,62,65,67
Number 13,14,15,18,22,26,29,31,32,42,44,51,56,60,62,65,67 can't be usable
New number 15,16,17,18,24,27,28,33,34,37,39,44,50,57,58,61,67
Number 15,16,17,18,24,27,28,33,34,37,39,44,50,57,58,61,67 can't be usable
New number 02,03,05,08,13,23,24,29,30,36,37,40,43,45,53,59,60
Number 02,03,05,08,13,23,24,29,30,36,37,40,43,45,53,59,60 can't be usable
New number 01,05,16,17,19,21,26,27,32,33,36,39,41,44,45,52,54
Number 01,05,16,17,19,21,26,27,32,33,36,39,41,44,45,52,54 can't be usable
New number 03,06,15,17,21,27,28,37,40,42,53,54,57,58,62,66,68
Number 03,06,15,17,21,27,28,37,40,42,53,54,57,58,62,66,68 can't be usable
New number 02,03,06,09,11,14,15,17,27,30,32,33,46,52,58,63,64
Number 02,03,06,09,11,14,15,17,27,30,32,33,46,52,58,63,64 can't be usable
New number 11,13,17,20,25,26,30,37,38,41,42,47,52,57,63,67,68
Number 11,13,17,20,25,26,30,37,38,41,42,47,52,57,63,67,68 can't be usable
New number 05,06,09,13,17,19,20,21,23,40,41,43,49,51,57,59,62
Number 05,06,09,13,17,19,20,21,23,40,41,43,49,51,57,59,62 can't be usable
New number 09,18,19,20,22,24,27,29,33,34,35,43,46,54,56,65,68
Number 09,18,19,20,22,24,27,29,33,34,35,43,46,54,56,65,68 can't be usable
New number 05,13,15,17,18,22,39,43,44,45,46,51,52,63,64,65,67
Number 05,13,15,17,18,22,39,43,44,45,46,51,52,63,64,65,67 can't be usable
New number 06,07,08,09,10,14,22,28,36,38,39,44,50,54,55,64,70
Number 06,07,08,09,10,14,22,28,36,38,39,44,50,54,55,64,70 can't be usable
New number 10,11,17,28,29,30,35,38,41,45,47,51,52,55,62,63,69
Number 10,11,17,28,29,30,35,38,41,45,47,51,52,55,62,63,69 can't be usable
New number 01,02,07,10,11,14,15,20,27,28,33,35,36,40,52,59,60
Number 01,02,07,10,11,14,15,20,27,28,33,35,36,40,52,59,60 can't be usable
New number 01,05,06,10,12,16,17,28,37,38,40,45,46,51,62,63,70
Number 01,05,06,10,12,16,17,28,37,38,40,45,46,51,62,63,70 can't be usable
New number 04,07,09,12,14,17,18,23,28,32,35,39,48,49,51,56,68
Number 04,07,09,12,14,17,18,23,28,32,35,39,48,49,51,56,68 can't be usable
New number 04,13,16,17,18,25,30,33,34,37,43,51,58,62,63,65,70
Number 04,13,16,17,18,25,30,33,34,37,43,51,58,62,63,65,70 can't be usable
New number 05,17,21,22,24,29,30,32,34,39,40,47,49,52,61,64,70
Number 05,17,21,22,24,29,30,32,34,39,40,47,49,52,61,64,70 can't be usable
New number 05,08,11,13,16,17,23,25,26,33,39,44,51,59,60,62,69
Number 05,08,11,13,16,17,23,25,26,33,39,44,51,59,60,62,69 can't be usable
New number 01,02,11,22,23,28,30,33,41,44,45,48,51,56,57,60,70
Number 01,02,11,22,23,28,30,33,41,44,45,48,51,56,57,60,70 can't be usable
New number 02,03,17,18,23,36,39,40,41,42,44,46,51,53,59,61,64
Number 02,03,17,18,23,36,39,40,41,42,44,46,51,53,59,61,64 can't be usable
New number 14,16,22,24,27,28,32,34,37,42,49,53,54,55,62,68,69
Number 14,16,22,24,27,28,32,34,37,42,49,53,54,55,62,68,69 can't be usable
New number 01,03,14,18,23,32,33,37,40,42,44,46,49,52,58,60,67
Number 01,03,14,18,23,32,33,37,40,42,44,46,49,52,58,60,67 can't be usable
New number 06,11,12,18,19,21,23,32,33,34,47,59,61,63,64,66,67
Number 06,11,12,18,19,21,23,32,33,34,47,59,61,63,64,66,67 can't be usable
New number 07,11,13,19,20,24,25,27,33,34,36,42,52,61,63,65,67
Number 07,11,13,19,20,24,25,27,33,34,36,42,52,61,63,65,67 can't be usable
New number 05,07,10,22,25,26,28,32,33,36,37,45,51,55,59,61,62
Number 05,07,10,22,25,26,28,32,33,36,37,45,51,55,59,61,62 can't be usable
New number 01,06,12,15,17,26,28,31,35,38,43,48,54,56,61,62,64
Number 01,06,12,15,17,26,28,31,35,38,43,48,54,56,61,62,64 can't be usable
New number 03,05,08,12,16,21,28,29,33,39,45,49,55,56,62,63,67
Number 03,05,08,12,16,21,28,29,33,39,45,49,55,56,62,63,67 can't be usable
New number 03,06,07,15,17,18,26,29,33,34,39,40,41,43,63,67,70
Number 03,06,07,15,17,18,26,29,33,34,39,40,41,43,63,67,70 can't be usable
New number 06,07,17,20,25,26,29,33,43,45,49,50,51,57,62,69,70
Number 06,07,17,20,25,26,29,33,43,45,49,50,51,57,62,69,70 can't be usable
New number 01,04,05,14,20,21,24,27,30,31,32,33,35,38,49,50,55
Number 01,04,05,14,20,21,24,27,30,31,32,33,35,38,49,50,55 can't be usable
New number 04,08,10,11,13,15,18,19,24,27,28,32,39,44,45,51,64
Number 04,08,10,11,13,15,18,19,24,27,28,32,39,44,45,51,64 can't be usable
New number 07,08,11,13,14,25,41,44,45,47,53,54,60,62,66,67,68
Number 07,08,11,13,14,25,41,44,45,47,53,54,60,62,66,67,68 can't be usable
New number 01,03,04,10,13,15,21,23,39,42,45,48,56,61,68,69,70
Number 01,03,04,10,13,15,21,23,39,42,45,48,56,61,68,69,70 can't be usable
New number 07,09,10,17,21,24,27,36,37,39,40,46,49,55,62,64,65
Number 07,09,10,17,21,24,27,36,37,39,40,46,49,55,62,64,65 can't be usable
New number 03,07,11,15,16,17,18,26,28,32,37,42,47,53,59,60,62
Number 03,07,11,15,16,17,18,26,28,32,37,42,47,53,59,60,62 can't be usable
New number 03,05,06,07,12,17,21,22,23,28,30,34,40,41,42,47,55
Number 03,05,06,07,12,17,21,22,23,28,30,34,40,41,42,47,55 can't be usable
New number 03,08,11,16,19,23,27,29,30,33,34,46,48,50,54,55,66
Number 03,08,11,16,19,23,27,29,30,33,34,46,48,50,54,55,66 can't be usable
New number 06,07,10,11,12,20,23,28,37,38,46,50,51,52,59,67,68
Number 06,07,10,11,12,20,23,28,37,38,46,50,51,52,59,67,68 can't be usable
New number 08,09,13,18,20,25,28,29,32,34,44,46,47,59,63,69,70
Number 08,09,13,18,20,25,28,29,32,34,44,46,47,59,63,69,70 can't be usable
New number 04,11,13,14,18,20,28,40,41,44,49,53,56,59,60,62,64
Number 04,11,13,14,18,20,28,40,41,44,49,53,56,59,60,62,64 can't be usable
New number 02,05,10,18,23,24,26,30,32,34,35,40,47,54,59,61,70
Number 02,05,10,18,23,24,26,30,32,34,35,40,47,54,59,61,70 can't be usable
New number 02,04,08,10,15,23,27,44,45,52,53,54,59,64,66,67,70
Number 02,04,08,10,15,23,27,44,45,52,53,54,59,64,66,67,70 can't be usable
New number 01,03,05,17,19,31,34,41,43,44,48,49,53,54,56,60,64
Number 01,03,05,17,19,31,34,41,43,44,48,49,53,54,56,60,64 can't be usable
New number 01,02,14,17,18,19,20,36,39,41,42,51,52,55,56,57,65
Number 01,02,14,17,18,19,20,36,39,41,42,51,52,55,56,57,65 can't be usable
New number 05,06,09,13,15,20,22,23,28,33,34,36,45,47,53,61,67
Number 05,06,09,13,15,20,22,23,28,33,34,36,45,47,53,61,67 can't be usable
New number 02,07,13,15,22,25,28,36,39,44,50,52,55,58,66,68,70
Number 02,07,13,15,22,25,28,36,39,44,50,52,55,58,66,68,70 can't be usable
New number 16,17,21,22,23,24,26,27,34,39,42,44,47,52,56,59,62
Number 16,17,21,22,23,24,26,27,34,39,42,44,47,52,56,59,62 can't be usable
New number 01,09,22,23,24,28,29,31,40,53,54,60,62,63,64,66,70
Number 01,09,22,23,24,28,29,31,40,53,54,60,62,63,64,66,70 can't be usable
New number 06,22,23,24,28,29,32,34,36,41,42,51,58,59,61,67,70
Number 06,22,23,24,28,29,32,34,36,41,42,51,58,59,61,67,70 can't be usable
New number 04,06,07,18,22,23,26,33,39,46,52,58,61,62,64,69,70
Number 04,06,07,18,22,23,26,33,39,46,52,58,61,62,64,69,70 can't be usable
New number 04,05,10,13,30,31,34,40,42,49,52,56,59,62,63,64,66
Number 04,05,10,13,30,31,34,40,42,49,52,56,59,62,63,64,66 can't be usable
New number 02,05,07,08,09,14,16,18,21,39,40,46,48,57,58,63,68
Number 02,05,07,08,09,14,16,18,21,39,40,46,48,57,58,63,68 can't be usable
New number 08,09,22,24,28,30,34,37,41,42,46,47,50,51,56,61,66
Number 08,09,22,24,28,30,34,37,41,42,46,47,50,51,56,61,66 can't be usable
New number 04,08,15,16,17,18,22,27,32,45,47,55,58,61,63,65,67
Number 04,08,15,16,17,18,22,27,32,45,47,55,58,61,63,65,67 can't be usable
New number 03,04,08,09,20,21,30,34,39,44,46,47,49,51,56,63,67
Number 03,04,08,09,20,21,30,34,39,44,46,47,49,51,56,63,67 can't be usable
New number 11,12,25,30,33,34,35,37,41,42,49,51,52,61,63,65,70
Number 11,12,25,30,33,34,35,37,41,42,49,51,52,61,63,65,70 can't be usable
New number 01,04,07,09,10,13,17,28,29,41,48,52,55,57,65,67,69
Number 01,04,07,09,10,13,17,28,29,41,48,52,55,57,65,67,69 can't be usable
New number 11,13,19,20,22,28,30,32,45,46,47,48,53,57,61,63,65
Number 11,13,19,20,22,28,30,32,45,46,47,48,53,57,61,63,65 can't be usable
New number 07,10,11,15,22,29,32,37,38,44,48,54,55,62,63,64,68
Number 07,10,11,15,22,29,32,37,38,44,48,54,55,62,63,64,68 can't be usable
New number 08,10,12,13,16,17,21,23,24,26,32,33,39,45,60,61,67
Number 08,10,12,13,16,17,21,23,24,26,32,33,39,45,60,61,67 can't be usable
New number 01,04,12,17,22,23,24,30,37,40,41,51,55,58,64,65,70
Number 01,04,12,17,22,23,24,30,37,40,41,51,55,58,64,65,70 can't be usable
New number 14,17,20,27,29,30,31,32,43,44,47,49,50,55,58,59,64
Number 14,17,20,27,29,30,31,32,43,44,47,49,50,55,58,59,64 can't be usable
New number 10,13,18,23,31,32,33,40,43,46,50,51,52,54,56,57,65
Number 10,13,18,23,31,32,33,40,43,46,50,51,52,54,56,57,65 can't be usable
New number 09,10,11,15,16,20,21,22,23,24,29,33,35,41,42,44,65
Number 09,10,11,15,16,20,21,22,23,24,29,33,35,41,42,44,65 can't be usable
New number 04,09,10,11,20,24,25,26,34,40,42,46,47,52,55,61,69
Number 04,09,10,11,20,24,25,26,34,40,42,46,47,52,55,61,69 can't be usable
New number 06,11,13,14,19,21,22,25,34,39,40,42,44,45,51,56,66
Number 06,11,13,14,19,21,22,25,34,39,40,42,44,45,51,56,66 can't be usable
New number 21,23,26,27,32,33,36,39,43,44,50,54,55,57,58,65,68
Number 21,23,26,27,32,33,36,39,43,44,50,54,55,57,58,65,68 can't be usable
New number 05,07,09,10,19,23,28,29,35,38,48,49,54,59,61,64,70
Number 05,07,09,10,19,23,28,29,35,38,48,49,54,59,61,64,70 can't be usable
New number 05,15,19,26,31,37,44,47,48,49,50,51,54,56,57,60,66
Number 05,15,19,26,31,37,44,47,48,49,50,51,54,56,57,60,66 can't be usable
New number 13,15,19,20,21,24,25,35,40,48,50,51,55,56,60,61,63
Number 13,15,19,20,21,24,25,35,40,48,50,51,55,56,60,61,63 can't be usable
New number 01,06,09,11,12,13,17,19,20,22,23,29,31,61,67,69,70
Number 01,06,09,11,12,13,17,19,20,22,23,29,31,61,67,69,70 can't be usable
New number 03,05,07,08,11,12,18,19,21,47,50,51,53,56,64,65,69
Number 03,05,07,08,11,12,18,19,21,47,50,51,53,56,64,65,69 can't be usable
New number 04,08,10,11,16,18,22,23,32,36,37,38,40,42,54,59,68
Number 04,08,10,11,16,18,22,23,32,36,37,38,40,42,54,59,68 can't be usable
New number 04,06,19,22,25,27,28,30,37,38,41,43,53,58,60,63,64
Number 04,06,19,22,25,27,28,30,37,38,41,43,53,58,60,63,64 can't be usable
New number 06,12,13,15,22,28,31,34,35,42,47,51,53,55,57,62,65
Number 06,12,13,15,22,28,31,34,35,42,47,51,53,55,57,62,65 can't be usable
New number 02,05,08,12,16,17,26,36,37,40,41,42,43,49,56,59,62
Number 02,05,08,12,16,17,26,36,37,40,41,42,43,49,56,59,62 can't be usable
New number 01,07,11,12,18,30,38,43,45,46,47,49,51,55,56,59,63
Number 01,07,11,12,18,30,38,43,45,46,47,49,51,55,56,59,63 can't be usable
New number 04,08,12,17,23,24,28,34,39,40,42,43,51,52,60,62,68
Number 04,08,12,17,23,24,28,34,39,40,42,43,51,52,60,62,68 can't be usable
New number 05,10,14,17,28,30,31,33,39,50,51,52,59,60,62,67,68
Number 05,10,14,17,28,30,31,33,39,50,51,52,59,60,62,67,68 can't be usable
New number 05,08,09,15,20,22,25,27,30,40,42,47,48,52,58,62,68
Number 05,08,09,15,20,22,25,27,30,40,42,47,48,52,58,62,68 can't be usable
New number 04,10,13,16,19,24,27,30,38,39,46,51,54,60,63,68,70
Number 04,10,13,16,19,24,27,30,38,39,46,51,54,60,63,68,70 can't be usable
New number 03,04,15,16,17,18,23,35,37,38,39,41,42,51,55,63,66
Number 03,04,15,16,17,18,23,35,37,38,39,41,42,51,55,63,66 can't be usable
New number 07,08,10,11,13,19,22,23,24,32,33,34,43,52,56,64,68
Number 07,08,10,11,13,19,22,23,24,32,33,34,43,52,56,64,68 can't be usable
New number 11,13,17,19,22,23,24,26,27,28,36,40,53,57,58,62,65
Number 11,13,17,19,22,23,24,26,27,28,36,40,53,57,58,62,65 can't be usable
New number 03,04,14,19,21,22,24,25,28,29,35,41,52,60,65,67,70
Number 03,04,14,19,21,22,24,25,28,29,35,41,52,60,65,67,70 can't be usable
New number 04,12,17,21,24,25,26,38,42,46,48,50,53,55,57,62,67
Number 04,12,17,21,24,25,26,38,42,46,48,50,53,55,57,62,67 can't be usable
New number 03,10,13,19,27,28,35,38,47,51,52,54,58,59,61,62,67
Number 03,10,13,19,27,28,35,38,47,51,52,54,58,59,61,62,67 can't be usable
New number 08,09,15,20,24,28,31,32,33,39,54,55,56,57,58,65,70
Number 08,09,15,20,24,28,31,32,33,39,54,55,56,57,58,65,70 can't be usable
New number 05,06,09,10,18,20,31,33,35,37,43,48,53,61,65,67,68
Number 05,06,09,10,18,20,31,33,35,37,43,48,53,61,65,67,68 can't be usable
New number 07,11,14,15,16,24,26,36,41,43,47,50,53,64,65,66,70
Number 07,11,14,15,16,24,26,36,41,43,47,50,53,64,65,66,70 can't be usable
New number 02,03,08,18,22,29,31,32,34,37,38,50,57,58,59,60,70
Number 02,03,08,18,22,29,31,32,34,37,38,50,57,58,59,60,70 can't be usable
New number 01,16,21,22,24,26,33,34,46,49,53,54,55,58,66,67,70
Number 01,16,21,22,24,26,33,34,46,49,53,54,55,58,66,67,70 can't be usable
New number 04,06,12,19,20,21,26,32,34,45,50,56,57,62,64,65,68
Number 04,06,12,19,20,21,26,32,34,45,50,56,57,62,64,65,68 can't be usable
New number 02,05,14,15,21,25,28,36,37,41,42,51,60,61,65,66,70
Number 02,05,14,15,21,25,28,36,37,41,42,51,60,61,65,66,70 can't be usable
New number 01,02,05,07,29,38,41,42,47,50,52,54,56,58,60,67,70
Number 01,02,05,07,29,38,41,42,47,50,52,54,56,58,60,67,70 can't be usable
New number 03,07,10,12,13,16,22,23,27,29,40,44,45,56,60,67,70
Number 03,07,10,12,13,16,22,23,27,29,40,44,45,56,60,67,70 can't be usable
New number 01,02,04,09,10,11,13,28,33,41,42,45,47,51,58,66,68
Number 01,02,04,09,10,11,13,28,33,41,42,45,47,51,58,66,68 can't be usable
New number 06,08,16,27,29,35,38,41,42,43,44,55,57,58,60,63,68
Number 06,08,16,27,29,35,38,41,42,43,44,55,57,58,60,63,68 can't be usable
New number 05,07,09,13,22,28,29,30,31,35,38,45,54,65,66,67,68
Number 05,07,09,13,22,28,29,30,31,35,38,45,54,65,66,67,68 can't be usable
New number 03,08,13,14,15,16,20,21,28,29,36,40,42,43,49,51,57
Number 03,08,13,14,15,16,20,21,28,29,36,40,42,43,49,51,57 can't be usable
New number 04,07,12,20,27,29,34,38,39,40,49,51,52,55,58,64,69
Number 04,07,12,20,27,29,34,38,39,40,49,51,52,55,58,64,69 can't be usable
New number 02,07,09,10,16,17,23,29,34,35,40,43,44,56,58,60,64
Number 02,07,09,10,16,17,23,29,34,35,40,43,44,56,58,60,64 can't be usable
New number 06,09,12,16,23,25,27,28,34,35,40,41,45,54,58,67,68
Number 06,09,12,16,23,25,27,28,34,35,40,41,45,54,58,67,68 can't be usable
New number 03,14,17,20,22,24,27,29,34,36,37,39,41,50,56,57,63
Number 03,14,17,20,22,24,27,29,34,36,37,39,41,50,56,57,63 can't be usable
New number 03,12,14,21,29,31,34,35,40,41,42,43,54,57,62,65,69
Number 03,12,14,21,29,31,34,35,40,41,42,43,54,57,62,65,69 can't be usable
New number 01,02,10,13,15,16,17,23,27,28,41,45,52,58,60,65,66
Number 01,02,10,13,15,16,17,23,27,28,41,45,52,58,60,65,66 can't be usable
New number 09,10,14,18,21,24,28,29,37,38,39,48,50,51,55,61,67
Number 09,10,14,18,21,24,28,29,37,38,39,48,50,51,55,61,67 can't be usable
New number 01,04,08,10,16,17,24,28,31,32,34,47,48,49,50,57,65
Number 01,04,08,10,16,17,24,28,31,32,34,47,48,49,50,57,65 can't be usable
New number 17,18,23,25,27,28,32,36,39,44,45,47,52,61,62,64,68
Number 17,18,23,25,27,28,32,36,39,44,45,47,52,61,62,64,68 can't be usable
New number 02,10,15,17,18,27,28,29,34,36,39,48,54,56,57,63,70
Number 02,10,15,17,18,27,28,29,34,36,39,48,54,56,57,63,70 can't be usable
New number 06,14,19,22,23,33,40,41,42,43,44,47,52,53,54,63,66
Number 06,14,19,22,23,33,40,41,42,43,44,47,52,53,54,63,66 can't be usable
New number 08,09,13,16,17,26,28,33,34,38,41,44,52,57,59,61,65
Number 08,09,13,16,17,26,28,33,34,38,41,44,52,57,59,61,65 can't be usable
New number 03,07,12,15,16,20,26,28,30,32,33,37,42,44,51,61,64
Number 03,07,12,15,16,20,26,28,30,32,33,37,42,44,51,61,64 can't be usable
New number 01,12,14,16,18,20,22,23,26,34,42,45,49,52,56,59,70
Number 01,12,14,16,18,20,22,23,26,34,42,45,49,52,56,59,70 can't be usable
New number 01,04,15,20,21,24,31,33,34,48,49,54,56,58,60,64,65
Number 01,04,15,20,21,24,31,33,34,48,49,54,56,58,60,64,65 can't be usable
New number 03,07,08,09,18,22,24,27,28,31,37,45,47,57,65,66,67
Number 03,07,08,09,18,22,24,27,28,31,37,45,47,57,65,66,67 can't be usable
New number 04,11,12,15,17,20,22,33,34,35,48,59,60,65,67,68,69
Number 04,11,12,15,17,20,22,33,34,35,48,59,60,65,67,68,69 can't be usable
New number 07,11,14,23,25,28,31,38,39,43,49,50,51,58,68,69,70
Number 07,11,14,23,25,28,31,38,39,43,49,50,51,58,68,69,70 can't be usable
New number 05,14,16,18,21,22,32,34,38,41,43,45,51,52,55,63,67
Number 05,14,16,18,21,22,32,34,38,41,43,45,51,52,55,63,67 can't be usable
New number 03,04,06,15,18,21,23,33,34,35,39,49,51,55,56,59,68
Number 03,04,06,15,18,21,23,33,34,35,39,49,51,55,56,59,68 can't be usable
New number 01,02,07,09,11,14,16,24,27,36,42,47,48,60,62,63,68
Number 01,02,07,09,11,14,16,24,27,36,42,47,48,60,62,63,68 can't be usable
New number 12,14,16,17,23,25,31,37,43,47,50,61,63,65,67,68,70
Number 12,14,16,17,23,25,31,37,43,47,50,61,63,65,67,68,70 can't be usable
New number 01,04,07,12,16,23,31,33,35,39,46,52,54,60,63,66,67
Number 01,04,07,12,16,23,31,33,35,39,46,52,54,60,63,66,67 can't be usable
New number 04,06,08,13,16,27,33,34,36,45,51,53,59,62,66,68,69
Number 04,06,08,13,16,27,33,34,36,45,51,53,59,62,66,68,69 can't be usable
New number 06,11,14,18,19,23,32,35,37,38,39,54,55,56,59,62,63
Number 06,11,14,18,19,23,32,35,37,38,39,54,55,56,59,62,63 can't be usable
New number 03,20,21,28,29,33,38,41,46,47,49,50,55,58,60,68,69
Number 03,20,21,28,29,33,38,41,46,47,49,50,55,58,60,68,69 can't be usable
New number 01,06,11,15,28,29,30,32,35,40,46,51,53,54,59,64,65
Number 01,06,11,15,28,29,30,32,35,40,46,51,53,54,59,64,65 can't be usable
New number 01,02,05,06,18,19,29,34,46,48,50,52,57,63,66,68,69
Number 01,02,05,06,18,19,29,34,46,48,50,52,57,63,66,68,69 can't be usable
New number 08,15,20,21,22,27,29,40,44,46,47,49,53,58,60,69,70
Number 08,15,20,21,22,27,29,40,44,46,47,49,53,58,60,69,70 can't be usable
New number 10,13,19,21,23,34,36,39,43,46,50,55,56,60,66,67,68
Number 10,13,19,21,23,34,36,39,43,46,50,55,56,60,66,67,68 can't be usable
New number 01,09,10,15,17,19,20,31,32,35,36,43,56,61,64,67,69
Number 01,09,10,15,17,19,20,31,32,35,36,43,56,61,64,67,69 can't be usable
New number 04,12,14,17,20,25,26,30,35,36,38,46,47,51,55,57,66
Number 04,12,14,17,20,25,26,30,35,36,38,46,47,51,55,57,66 can't be usable
New number 09,11,12,13,15,16,18,24,27,29,34,39,40,47,53,63,67
Number 09,11,12,13,15,16,18,24,27,29,34,39,40,47,53,63,67 can't be usable
New number 03,05,10,13,19,21,24,25,27,31,37,46,47,48,49,61,69
Number 03,05,10,13,19,21,24,25,27,31,37,46,47,48,49,61,69 can't be usable
New number 05,17,20,21,25,29,41,43,49,52,53,56,62,64,65,69,70
Number 05,17,20,21,25,29,41,43,49,52,53,56,62,64,65,69,70 can't be usable
New number 04,08,17,18,27,34,37,38,43,47,48,52,58,62,65,66,67
Number 04,08,17,18,27,34,37,38,43,47,48,52,58,62,65,66,67 can't be usable
New number 02,09,11,20,24,31,32,34,42,46,50,53,54,55,59,60,69
Number 02,09,11,20,24,31,32,34,42,46,50,53,54,55,59,60,69 can't be usable
New number 01,06,11,16,17,19,23,24,28,35,52,57,59,67,68,69,70
Number 01,06,11,16,17,19,23,24,28,35,52,57,59,67,68,69,70 can't be usable
New number 01,02,03,07,13,15,19,20,23,27,32,36,37,50,57,65,70
Number 01,02,03,07,13,15,19,20,23,27,32,36,37,50,57,65,70 can't be usable
New number 11,15,16,20,21,23,25,34,35,37,42,47,53,54,61,67,69
Number 11,15,16,20,21,23,25,34,35,37,42,47,53,54,61,67,69 can't be usable
New number 01,04,09,11,21,23,25,30,34,41,43,53,56,57,62,65,67
Number 01,04,09,11,21,23,25,30,34,41,43,53,56,57,62,65,67 can't be usable
New number 03,04,08,09,11,12,30,32,39,41,42,45,47,48,63,65,69
Number 03,04,08,09,11,12,30,32,39,41,42,45,47,48,63,65,69 can't be usable
New number 02,11,12,16,18,34,36,41,43,46,53,56,57,58,64,65,68
Number 02,11,12,16,18,34,36,41,43,46,53,56,57,58,64,65,68 can't be usable
New number 04,08,09,10,18,24,30,32,34,46,48,49,52,53,59,61,62
Number 04,08,09,10,18,24,30,32,34,46,48,49,52,53,59,61,62 can't be usable
New number 03,08,11,12,13,16,18,21,32,39,40,43,49,53,59,60,62
Number 03,08,11,12,13,16,18,21,32,39,40,43,49,53,59,60,62 can't be usable
New number 01,05,06,18,19,22,23,30,35,40,51,52,53,56,62,65,70
Number 01,05,06,18,19,22,23,30,35,40,51,52,53,56,62,65,70 can't be usable
New number 09,14,18,22,23,25,26,28,29,33,39,43,45,47,52,67,70
Number 09,14,18,22,23,25,26,28,29,33,39,43,45,47,52,67,70 can't be usable
New number 03,06,10,12,15,18,27,33,34,43,54,55,56,61,63,68,69
Number 03,06,10,12,15,18,27,33,34,43,54,55,56,61,63,68,69 can't be usable
New number 02,04,06,08,20,24,25,29,31,32,33,35,37,40,61,62,64
Number 02,04,06,08,20,24,25,29,31,32,33,35,37,40,61,62,64 can't be usable
New number 03,04,07,09,12,13,14,16,26,32,36,40,42,45,49,54,58
Number 03,04,07,09,12,13,14,16,26,32,36,40,42,45,49,54,58 can't be usable
New number 03,09,15,18,25,28,34,35,38,44,48,53,59,64,65,66,68
Number 03,09,15,18,25,28,34,35,38,44,48,53,59,64,65,66,68 can't be usable
New number 01,06,08,11,21,28,30,31,39,40,44,46,47,48,50,53,68
Number 01,06,08,11,21,28,30,31,39,40,44,46,47,48,50,53,68 can't be usable
New number 01,02,05,07,10,12,17,20,23,33,38,44,49,63,64,69,70
Number 01,02,05,07,10,12,17,20,23,33,38,44,49,63,64,69,70 can't be usable
New number 06,10,14,17,19,22,28,29,31,37,38,43,44,51,56,58,70
Number 06,10,14,17,19,22,28,29,31,37,38,43,44,51,56,58,70 can't be usable
New number 01,10,12,15,18,20,22,32,38,42,49,50,56,61,63,64,66
Number 01,10,12,15,18,20,22,32,38,42,49,50,56,61,63,64,66 can't be usable
New number 01,03,05,08,09,10,12,18,24,29,33,34,36,41,56,65,68
Number 01,03,05,08,09,10,12,18,24,29,33,34,36,41,56,65,68 can't be usable
New number 09,10,12,16,21,30,32,33,42,43,45,49,57,58,61,65,68
Number 09,10,12,16,21,30,32,33,42,43,45,49,57,58,61,65,68 can't be usable
New number 01,03,06,10,22,35,36,38,45,49,54,57,62,63,67,69,70
Number 01,03,06,10,22,35,36,38,45,49,54,57,62,63,67,69,70 can't be usable
New number 01,05,07,17,24,27,34,41,46,47,49,50,56,57,58,61,69
Number 01,05,07,17,24,27,34,41,46,47,49,50,56,57,58,61,69 can't be usable
New number 03,11,12,17,19,28,31,32,33,36,44,50,51,55,56,59,65
Number 03,11,12,17,19,28,31,32,33,36,44,50,51,55,56,59,65 can't be usable
New number 01,04,06,12,13,14,30,33,35,37,44,46,52,58,61,63,70
Number 01,04,06,12,13,14,30,33,35,37,44,46,52,58,61,63,70 can't be usable
New number 03,10,15,17,21,22,25,28,32,39,45,47,52,56,59,64,67
Number 03,10,15,17,21,22,25,28,32,39,45,47,52,56,59,64,67 can't be usable
New number 01,04,07,10,13,14,16,19,25,26,29,31,41,47,52,59,61
Number 01,04,07,10,13,14,16,19,25,26,29,31,41,47,52,59,61 can't be usable
New number 05,10,12,19,38,41,42,44,46,48,49,51,55,56,59,64,66
Number 05,10,12,19,38,41,42,44,46,48,49,51,55,56,59,64,66 can't be usable
New number 02,05,10,14,15,26,33,37,46,49,50,51,53,55,56,63,66
Number 02,05,10,14,15,26,33,37,46,49,50,51,53,55,56,63,66 can't be usable
New number 01,09,14,19,20,21,29,35,36,38,41,48,50,52,53,56,68
Number 01,09,14,19,20,21,29,35,36,38,41,48,50,52,53,56,68 can't be usable
New number 02,05,09,11,12,16,22,35,36,45,47,50,52,65,66,67,70
Number 02,05,09,11,12,16,22,35,36,45,47,50,52,65,66,67,70 can't be usable
New number 01,03,07,08,14,15,20,26,30,32,33,35,47,50,52,54,70
Number 01,03,07,08,14,15,20,26,30,32,33,35,47,50,52,54,70 can't be usable
New number 12,17,22,24,29,30,35,36,38,41,42,47,49,53,55,59,60
Number 12,17,22,24,29,30,35,36,38,41,42,47,49,53,55,59,60 can't be usable
New number 08,10,13,15,21,22,24,34,35,38,43,44,54,56,59,65,66
Number 08,10,13,15,21,22,24,34,35,38,43,44,54,56,59,65,66 can't be usable
New number 06,09,12,14,28,32,33,35,37,39,42,44,47,48,50,59,60
Number 06,09,12,14,28,32,33,35,37,39,42,44,47,48,50,59,60 can't be usable
New number 04,05,09,14,16,20,23,24,25,32,33,39,49,52,60,64,68
Number 04,05,09,14,16,20,23,24,25,32,33,39,49,52,60,64,68 can't be usable
New number 03,11,16,18,19,20,22,26,31,34,35,40,42,46,52,62,68
Number 03,11,16,18,19,20,22,26,31,34,35,40,42,46,52,62,68 can't be usable
New number 10,11,13,15,18,19,21,23,31,32,37,45,48,58,64,67,69
Number 10,11,13,15,18,19,21,23,31,32,37,45,48,58,64,67,69 can't be usable
New number 03,04,05,07,19,20,21,23,31,32,43,44,55,62,65,66,69
Number 03,04,05,07,19,20,21,23,31,32,43,44,55,62,65,66,69 can't be usable
New number 01,14,17,19,20,22,27,43,51,53,54,57,59,60,61,68,69
Number 01,14,17,19,20,22,27,43,51,53,54,57,59,60,61,68,69 can't be usable
New number 01,03,06,13,16,17,26,29,37,49,50,56,58,60,61,64,68
Number 01,03,06,13,16,17,26,29,37,49,50,56,58,60,61,64,68 can't be usable
New number 02,07,14,17,19,21,24,29,31,35,36,39,40,50,54,59,61
Number 02,07,14,17,19,21,24,29,31,35,36,39,40,50,54,59,61 can't be usable
New number 02,06,12,16,21,26,27,33,41,42,43,45,53,54,55,59,64
Number 02,06,12,16,21,26,27,33,41,42,43,45,53,54,55,59,64 can't be usable
New number 03,08,10,13,14,16,17,23,34,45,50,51,55,65,66,67,68
Number 03,08,10,13,14,16,17,23,34,45,50,51,55,65,66,67,68 can't be usable
New number 03,04,05,19,24,27,29,38,39,41,45,47,48,49,52,53,61
Number 03,04,05,19,24,27,29,38,39,41,45,47,48,49,52,53,61 can't be usable
New number 02,07,11,12,13,14,15,23,27,29,38,39,51,57,59,62,68
Number 02,07,11,12,13,14,15,23,27,29,38,39,51,57,59,62,68 can't be usable
New number 02,06,12,13,14,16,26,28,31,34,43,47,52,55,56,65,66
Number 02,06,12,13,14,16,26,28,31,34,43,47,52,55,56,65,66 can't be usable
New number 04,10,14,18,19,24,31,32,34,36,42,43,45,62,63,66,68
Number 04,10,14,18,19,24,31,32,34,36,42,43,45,62,63,66,68 can't be usable
New number 02,05,15,16,18,30,34,35,38,45,46,47,48,62,63,67,68
Number 02,05,15,16,18,30,34,35,38,45,46,47,48,62,63,67,68 can't be usable
New number 10,12,18,19,24,26,27,29,31,33,35,38,40,47,64,66,67
Number 10,12,18,19,24,26,27,29,31,33,35,38,40,47,64,66,67 can't be usable
New number 02,06,07,08,09,13,29,31,34,36,46,50,56,57,61,65,69
Number 02,06,07,08,09,13,29,31,34,36,46,50,56,57,61,65,69 can't be usable
New number 06,10,13,18,21,25,27,37,39,40,41,47,48,51,60,62,68
Number 06,10,13,18,21,25,27,37,39,40,41,47,48,51,60,62,68 can't be usable
New number 01,02,04,12,14,16,17,21,23,33,34,47,51,59,65,67,68
Number 01,02,04,12,14,16,17,21,23,33,34,47,51,59,65,67,68 can't be usable
New number 01,10,15,19,20,24,36,38,40,41,42,48,49,51,57,61,70
Number 01,10,15,19,20,24,36,38,40,41,42,48,49,51,57,61,70 can't be usable
New number 07,08,10,12,17,18,20,21,26,31,32,38,40,45,53,55,70
Number 07,08,10,12,17,18,20,21,26,31,32,38,40,45,53,55,70 can't be usable
New number 01,06,07,10,16,20,24,27,29,31,38,40,42,51,61,63,67
Number 01,06,07,10,16,20,24,27,29,31,38,40,42,51,61,63,67 can't be usable
New number 03,05,09,10,14,21,33,43,44,47,48,49,54,57,59,67,68
Number 03,05,09,10,14,21,33,43,44,47,48,49,54,57,59,67,68 can't be usable
New number 06,10,12,16,17,18,20,21,23,25,28,29,31,44,48,64,67
Number 06,10,12,16,17,18,20,21,23,25,28,29,31,44,48,64,67 can't be usable
New number 06,09,11,14,15,25,26,27,28,35,39,45,46,49,59,65,67
Number 06,09,11,14,15,25,26,27,28,35,39,45,46,49,59,65,67 can't be usable
New number 13,17,19,24,27,28,29,32,33,37,38,43,47,54,55,63,68
Number 13,17,19,24,27,28,29,32,33,37,38,43,47,54,55,63,68 can't be usable
New number 03,05,16,23,26,30,34,35,42,43,44,53,56,62,64,68,70
Number 03,05,16,23,26,30,34,35,42,43,44,53,56,62,64,68,70 can't be usable
New number 03,04,08,10,14,15,16,22,23,28,32,36,51,53,59,65,66
Number 03,04,08,10,14,15,16,22,23,28,32,36,51,53,59,65,66 can't be usable
New number 03,21,22,23,24,25,26,28,30,33,36,47,52,55,57,62,63
Number 03,21,22,23,24,25,26,28,30,33,36,47,52,55,57,62,63 can't be usable
New number 02,07,08,11,14,16,17,30,38,41,42,43,45,50,52,54,63
Number 02,07,08,11,14,16,17,30,38,41,42,43,45,50,52,54,63 can't be usable
New number 04,13,15,18,19,28,35,36,37,38,40,43,45,56,57,60,67
Number 04,13,15,18,19,28,35,36,37,38,40,43,45,56,57,60,67 can't be usable
New number 01,04,11,15,19,26,29,34,38,42,51,55,61,64,66,68,70
Number 01,04,11,15,19,26,29,34,38,42,51,55,61,64,66,68,70 can't be usable
New number 05,06,12,13,14,17,22,27,32,34,47,49,52,54,55,62,65
Number 05,06,12,13,14,17,22,27,32,34,47,49,52,54,55,62,65 can't be usable
New number 02,06,07,08,11,12,28,31,35,37,47,48,50,51,56,69,70
Number 02,06,07,08,11,12,28,31,35,37,47,48,50,51,56,69,70 can't be usable
New number 01,03,05,06,11,13,18,19,23,26,28,34,42,48,52,63,68
Number 01,03,05,06,11,13,18,19,23,26,28,34,42,48,52,63,68 can't be usable
New number 03,13,20,23,25,31,36,42,44,52,55,57,59,60,62,65,70
Number 03,13,20,23,25,31,36,42,44,52,55,57,59,60,62,65,70 can't be usable
New number 03,17,24,27,28,31,34,36,41,42,44,47,52,54,59,63,67
Number 03,17,24,27,28,31,34,36,41,42,44,47,52,54,59,63,67 can't be usable
New number 01,02,05,06,12,15,28,30,31,34,38,39,43,44,45,47,63
Number 01,02,05,06,12,15,28,30,31,34,38,39,43,44,45,47,63 can't be usable
New number 02,05,06,09,13,14,21,22,25,27,39,41,44,45,47,64,67
Number 02,05,06,09,13,14,21,22,25,27,39,41,44,45,47,64,67 can't be usable
New number 02,03,07,08,09,15,29,32,38,40,43,44,57,59,62,65,66
Number 02,03,07,08,09,15,29,32,38,40,43,44,57,59,62,65,66 can't be usable
New number 02,08,10,13,22,28,29,36,48,49,50,54,58,60,61,62,64
Number 02,08,10,13,22,28,29,36,48,49,50,54,58,60,61,62,64 can't be usable
New number 07,09,15,17,27,28,30,39,40,43,49,50,57,60,64,66,69
Number 07,09,15,17,27,28,30,39,40,43,49,50,57,60,64,66,69 can't be usable
New number 01,03,04,08,10,11,13,24,34,36,40,42,49,52,59,66,68
Number 01,03,04,08,10,11,13,24,34,36,40,42,49,52,59,66,68 can't be usable
New number 10,15,16,19,28,31,32,33,40,43,49,52,54,57,58,63,67
Number 10,15,16,19,28,31,32,33,40,43,49,52,54,57,58,63,67 can't be usable
New number 04,07,09,15,18,25,34,43,44,51,55,57,58,59,61,63,65
Number 04,07,09,15,18,25,34,43,44,51,55,57,58,59,61,63,65 can't be usable
New number 03,04,07,27,35,36,39,45,47,50,52,53,55,61,63,64,65
Number 03,04,07,27,35,36,39,45,47,50,52,53,55,61,63,64,65 can't be usable
New number 02,13,16,19,28,32,36,38,45,46,50,51,53,54,55,58,69
Number 02,13,16,19,28,32,36,38,45,46,50,51,53,54,55,58,69 can't be usable
New number 02,08,11,16,17,26,28,30,39,41,44,53,55,58,68,69,70
Number 02,08,11,16,17,26,28,30,39,41,44,53,55,58,68,69,70 can't be usable
New number 07,14,16,18,19,28,29,31,36,38,40,47,51,52,57,61,65
Number 07,14,16,18,19,28,29,31,36,38,40,47,51,52,57,61,65 can't be usable
New number 01,07,12,19,20,25,26,34,39,41,42,44,45,46,51,62,65
Number 01,07,12,19,20,25,26,34,39,41,42,44,45,46,51,62,65 can't be usable
New number 06,12,16,19,21,23,30,34,36,37,47,51,53,58,63,64,70
Number 06,12,16,19,21,23,30,34,36,37,47,51,53,58,63,64,70 can't be usable
New number 03,06,08,14,17,18,19,26,31,40,43,46,47,51,56,63,70
Number 03,06,08,14,17,18,19,26,31,40,43,46,47,51,56,63,70 can't be usable
New number 02,04,06,08,16,20,21,22,25,29,32,41,46,52,55,61,66
Number 02,04,06,08,16,20,21,22,25,29,32,41,46,52,55,61,66 can't be usable
New number 02,03,04,09,10,12,13,24,28,29,31,37,44,46,55,64,69
Number 02,03,04,09,10,12,13,24,28,29,31,37,44,46,55,64,69 can't be usable
New number 01,08,13,16,17,22,24,28,43,46,48,52,57,64,65,68,70
Number 01,08,13,16,17,22,24,28,43,46,48,52,57,64,65,68,70 can't be usable
New number 03,05,09,10,11,16,23,28,31,33,34,43,53,55,60,66,70
Number 03,05,09,10,11,16,23,28,31,33,34,43,53,55,60,66,70 can't be usable
New number 04,05,07,08,14,20,28,29,31,32,36,37,39,45,51,54,68
Number 04,05,07,08,14,20,28,29,31,32,36,37,39,45,51,54,68 can't be usable
New number 01,02,06,07,12,20,24,27,33,37,44,45,46,47,48,56,66
Number 01,02,06,07,12,20,24,27,33,37,44,45,46,47,48,56,66 can't be usable
New number 01,07,08,11,14,20,24,32,35,36,45,47,50,56,57,61,68
Number 01,07,08,11,14,20,24,32,35,36,45,47,50,56,57,61,68 can't be usable
New number 03,09,28,30,31,35,38,43,48,50,53,54,56,60,63,66,68
Number 03,09,28,30,31,35,38,43,48,50,53,54,56,60,63,66,68 can't be usable
New number 04,09,12,22,24,25,27,33,35,37,41,42,44,49,51,52,68
Number 04,09,12,22,24,25,27,33,35,37,41,42,44,49,51,52,68 can't be usable
New number 07,11,16,25,37,38,40,44,45,49,50,53,54,55,58,60,64
Number 07,11,16,25,37,38,40,44,45,49,50,53,54,55,58,60,64 can't be usable
New number 12,13,15,21,23,27,29,34,38,51,58,59,60,62,65,68,69
Number 12,13,15,21,23,27,29,34,38,51,58,59,60,62,65,68,69 can't be usable
New number 03,05,07,09,11,16,17,20,25,29,38,43,51,52,66,68,69
Number 03,05,07,09,11,16,17,20,25,29,38,43,51,52,66,68,69 can't be usable
New number 01,22,23,24,25,36,37,39,46,48,50,55,56,57,60,61,70
Number 01,22,23,24,25,36,37,39,46,48,50,55,56,57,60,61,70 can't be usable
New number 08,09,10,21,24,34,36,37,40,41,46,47,56,61,62,63,67
Number 08,09,10,21,24,34,36,37,40,41,46,47,56,61,62,63,67 can't be usable
New number 02,04,09,10,11,17,23,30,33,34,38,49,51,54,58,60,69
Number 02,04,09,10,11,17,23,30,33,34,38,49,51,54,58,60,69 can't be usable
New number 01,06,11,13,15,18,21,23,32,39,45,47,50,55,61,67,70
Number 01,06,11,13,15,18,21,23,32,39,45,47,50,55,61,67,70 can't be usable
New number 03,06,08,12,13,14,17,27,34,41,43,44,49,53,56,61,68
Number 03,06,08,12,13,14,17,27,34,41,43,44,49,53,56,61,68 can't be usable
New number 02,04,09,10,11,22,24,25,28,31,34,36,39,47,65,66,68
Number 02,04,09,10,11,22,24,25,28,31,34,36,39,47,65,66,68 can't be usable
New number 03,04,11,12,13,15,16,17,25,40,43,44,48,51,58,61,70
Number 03,04,11,12,13,15,16,17,25,40,43,44,48,51,58,61,70 can't be usable
New number 08,12,18,19,26,28,29,36,43,45,47,52,61,63,64,65,69
Number 08,12,18,19,26,28,29,36,43,45,47,52,61,63,64,65,69 can't be usable
New number 03,05,07,08,13,17,21,23,29,32,37,40,50,54,60,64,66
Number 03,05,07,08,13,17,21,23,29,32,37,40,50,54,60,64,66 can't be usable
New number 05,08,10,11,30,35,44,49,53,55,58,60,62,64,66,69,70
Number 05,08,10,11,30,35,44,49,53,55,58,60,62,64,66,69,70 can't be usable
New number 01,05,09,10,14,17,26,33,35,38,39,41,45,48,61,62,67
Number 01,05,09,10,14,17,26,33,35,38,39,41,45,48,61,62,67 can't be usable
New number 07,10,12,14,17,18,24,30,31,41,48,50,51,54,67,68,69
Number 07,10,12,14,17,18,24,30,31,41,48,50,51,54,67,68,69 can't be usable
New number 03,05,08,17,19,32,37,39,40,42,43,44,52,62,64,66,67
Number 03,05,08,17,19,32,37,39,40,42,43,44,52,62,64,66,67 can't be usable
New number 04,07,15,20,23,24,28,29,34,35,45,47,49,50,52,55,65
Number 04,07,15,20,23,24,28,29,34,35,45,47,49,50,52,55,65 can't be usable
New number 01,14,16,17,28,31,35,38,41,43,45,49,51,53,64,65,68
Number 01,14,16,17,28,31,35,38,41,43,45,49,51,53,64,65,68 can't be usable
New number 03,07,08,23,25,26,28,29,31,34,42,44,45,48,53,55,57
Number 03,07,08,23,25,26,28,29,31,34,42,44,45,48,53,55,57 can't be usable
New number 08,14,18,25,28,30,31,38,44,46,48,50,52,58,62,65,67
Number 08,14,18,25,28,30,31,38,44,46,48,50,52,58,62,65,67 can't be usable
New number 04,05,07,10,12,15,17,26,34,35,36,40,41,43,48,52,67
Number 04,05,07,10,12,15,17,26,34,35,36,40,41,43,48,52,67 can't be usable
New number 03,07,08,13,18,27,40,42,46,47,49,53,55,56,62,67,70
Number 03,07,08,13,18,27,40,42,46,47,49,53,55,56,62,67,70 can't be usable
New number 05,09,11,15,22,25,26,28,36,39,42,44,48,61,62,64,69
Number 05,09,11,15,22,25,26,28,36,39,42,44,48,61,62,64,69 can't be usable
New number 03,06,07,08,13,14,16,19,26,29,34,35,45,46,59,61,64
Number 03,06,07,08,13,14,16,19,26,29,34,35,45,46,59,61,64 can't be usable
New number 02,03,11,23,24,29,36,43,50,52,56,58,61,65,66,67,69
Number 02,03,11,23,24,29,36,43,50,52,56,58,61,65,66,67,69 can't be usable
New number 02,06,14,15,18,27,29,40,42,43,52,53,55,59,60,62,69
Number 02,06,14,15,18,27,29,40,42,43,52,53,55,59,60,62,69 can't be usable
New number 03,04,08,09,13,19,29,30,31,34,36,38,45,51,52,56,69
Number 03,04,08,09,13,19,29,30,31,34,36,38,45,51,52,56,69 can't be usable
New number 05,10,11,22,23,26,29,30,32,41,49,53,61,63,64,65,67
Number 05,10,11,22,23,26,29,30,32,41,49,53,61,63,64,65,67 can't be usable
New number 01,05,11,14,19,24,30,31,46,48,50,52,57,58,65,67,68
Number 01,05,11,14,19,24,30,31,46,48,50,52,57,58,65,67,68 can't be usable
New number 01,08,17,19,20,23,29,31,35,39,41,47,54,55,58,63,65
Number 01,08,17,19,20,23,29,31,35,39,41,47,54,55,58,63,65 can't be usable
New number 01,04,05,07,18,23,25,29,34,36,37,44,46,48,49,52,59
Number 01,04,05,07,18,23,25,29,34,36,37,44,46,48,49,52,59 can't be usable
New number 01,02,03,04,09,13,23,24,29,30,32,37,44,49,51,54,56
Number 01,02,03,04,09,13,23,24,29,30,32,37,44,49,51,54,56 can't be usable
New number 01,10,13,16,22,26,34,35,40,41,47,48,56,65,67,68,70
Number 01,10,13,16,22,26,34,35,40,41,47,48,56,65,67,68,70 can't be usable
New number 01,06,12,16,18,29,30,32,33,34,37,39,44,50,68,69,70
Number 01,06,12,16,18,29,30,32,33,34,37,39,44,50,68,69,70 can't be usable
New number 01,11,13,14,25,26,30,33,43,44,46,47,48,55,62,63,69
Number 01,11,13,14,25,26,30,33,43,44,46,47,48,55,62,63,69 can't be usable
New number 07,09,13,14,16,20,22,27,29,33,34,38,42,46,60,61,64
Number 07,09,13,14,16,20,22,27,29,33,34,38,42,46,60,61,64 can't be usable
New number 05,10,14,20,21,32,38,41,42,47,49,50,52,53,67,69,70
Number 05,10,14,20,21,32,38,41,42,47,49,50,52,53,67,69,70 can't be usable
New number 12,15,16,19,20,26,27,33,37,38,40,44,47,55,57,63,69
Number 12,15,16,19,20,26,27,33,37,38,40,44,47,55,57,63,69 can't be usable
New number 05,11,13,18,24,28,33,38,39,41,48,57,58,60,62,63,65
Number 05,11,13,18,24,28,33,38,39,41,48,57,58,60,62,63,65 can't be usable
New number 14,18,22,27,31,32,34,37,39,41,47,52,53,54,62,63,65
Number 14,18,22,27,31,32,34,37,39,41,47,52,53,54,62,63,65 can't be usable
New number 16,17,20,31,32,34,35,36,37,38,42,43,45,49,52,59,64
Number 16,17,20,31,32,34,35,36,37,38,42,43,45,49,52,59,64 can't be usable
New number 01,08,12,13,15,18,26,27,36,42,45,47,50,51,52,61,67
Number 01,08,12,13,15,18,26,27,36,42,45,47,50,51,52,61,67 can't be usable
New number 02,07,10,11,20,27,31,36,39,41,43,46,51,52,62,64,67
Number 02,07,10,11,20,27,31,36,39,41,43,46,51,52,62,64,67 can't be usable
New number 03,05,09,12,16,17,23,24,25,27,28,30,35,39,40,57,62
Number 03,05,09,12,16,17,23,24,25,27,28,30,35,39,40,57,62 can't be usable
New number 01,07,09,14,16,24,31,32,36,38,45,46,52,53,54,55,66
Number 01,07,09,14,16,24,31,32,36,38,45,46,52,53,54,55,66 can't be usable
New number 08,12,15,17,24,26,29,34,36,39,41,46,49,55,66,67,70
Number 08,12,15,17,24,26,29,34,36,39,41,46,49,55,66,67,70 can't be usable
New number 01,06,07,13,22,23,24,28,31,37,38,40,45,51,54,61,65
Number 01,06,07,13,22,23,24,28,31,37,38,40,45,51,54,61,65 can't be usable
New number 04,05,09,13,16,17,20,24,25,27,35,37,51,58,61,64,67
Number 04,05,09,13,16,17,20,24,25,27,35,37,51,58,61,64,67 can't be usable
New number 19,20,24,30,31,35,38,40,43,50,55,56,58,59,61,62,68
Number 19,20,24,30,31,35,38,40,43,50,55,56,58,59,61,62,68 can't be usable
New number 01,02,04,05,06,13,17,26,27,28,30,52,53,61,62,67,68
Number 01,02,04,05,06,13,17,26,27,28,30,52,53,61,62,67,68 can't be usable
New number 01,04,05,08,22,23,35,36,40,53,57,58,61,63,64,65,70
Number 01,04,05,08,22,23,35,36,40,53,57,58,61,63,64,65,70 can't be usable
New number 04,08,09,11,16,20,25,26,27,40,43,52,56,59,62,64,68
Number 04,08,09,11,16,20,25,26,27,40,43,52,56,59,62,64,68 can't be usable
New number 03,09,14,18,19,21,23,31,33,35,41,46,49,50,55,60,64
Number 03,09,14,18,19,21,23,31,33,35,41,46,49,50,55,60,64 can't be usable
New number 05,08,09,10,16,19,26,27,29,30,42,43,45,57,64,66,69
Number 05,08,09,10,16,19,26,27,29,30,42,43,45,57,64,66,69 can't be usable
New number 02,03,05,16,24,30,31,38,39,41,43,44,45,49,61,65,66
Number 02,03,05,16,24,30,31,38,39,41,43,44,45,49,61,65,66 can't be usable
New number 04,11,21,28,36,41,42,46,51,54,58,59,60,61,62,64,69
Number 04,11,21,28,36,41,42,46,51,54,58,59,60,61,62,64,69 can't be usable
New number 08,10,12,19,22,29,30,34,42,44,47,50,51,55,62,64,70
Number 08,10,12,19,22,29,30,34,42,44,47,50,51,55,62,64,70 can't be usable
New number 03,05,07,08,13,16,21,24,28,31,47,49,51,52,53,54,66
Number 03,05,07,08,13,16,21,24,28,31,47,49,51,52,53,54,66 can't be usable
New number 01,02,05,25,26,31,42,43,44,46,48,49,50,57,58,62,64
Number 01,02,05,25,26,31,42,43,44,46,48,49,50,57,58,62,64 can't be usable
New number 05,10,16,18,19,30,32,38,39,41,48,53,54,56,62,68,69
Number 05,10,16,18,19,30,32,38,39,41,48,53,54,56,62,68,69 can't be usable
New number 09,16,17,24,34,35,36,38,43,44,54,55,58,59,66,69,70
Number 09,16,17,24,34,35,36,38,43,44,54,55,58,59,66,69,70 can't be usable
New number 08,11,14,15,19,28,29,36,38,42,51,53,54,58,62,69,70
Number 08,11,14,15,19,28,29,36,38,42,51,53,54,58,62,69,70 can't be usable
New number 03,07,11,22,25,28,32,34,38,40,42,47,49,50,56,65,70
Number 03,07,11,22,25,28,32,34,38,40,42,47,49,50,56,65,70 can't be usable
New number 10,14,17,19,23,28,29,30,33,37,42,45,56,58,61,62,63
Number 10,14,17,19,23,28,29,30,33,37,42,45,56,58,61,62,63 can't be usable
New number 02,04,05,08,12,14,17,20,24,27,29,31,34,42,47,50,55
Number 02,04,05,08,12,14,17,20,24,27,29,31,34,42,47,50,55 can't be usable
New number 01,03,05,06,15,16,18,23,26,34,44,47,56,58,59,60,64
Number 01,03,05,06,15,16,18,23,26,34,44,47,56,58,59,60,64 can't be usable
New number 04,10,13,14,21,23,26,34,35,42,43,44,51,54,57,59,70
Number 04,10,13,14,21,23,26,34,35,42,43,44,51,54,57,59,70 can't be usable
New number 02,07,09,12,17,23,33,43,45,46,53,57,58,61,64,66,69
Number 02,07,09,12,17,23,33,43,45,46,53,57,58,61,64,66,69 can't be usable
New number 01,07,09,10,12,13,19,22,24,27,39,43,50,52,56,59,63
Number 01,07,09,10,12,13,19,22,24,27,39,43,50,52,56,59,63 can't be usable
New number 01,03,04,11,16,19,21,27,29,31,40,47,52,54,55,61,70
Number 01,03,04,11,16,19,21,27,29,31,40,47,52,54,55,61,70 can't be usable
New number 04,08,15,16,24,29,31,32,38,47,49,55,56,62,63,65,67
Number 04,08,15,16,24,29,31,32,38,47,49,55,56,62,63,65,67 can't be usable
New number 03,11,17,22,23,24,31,32,33,35,39,40,54,58,66,68,69
Number 03,11,17,22,23,24,31,32,33,35,39,40,54,58,66,68,69 can't be usable
New number 07,09,11,12,19,21,24,27,28,29,39,40,41,45,52,59,66
Number 07,09,11,12,19,21,24,27,28,29,39,40,41,45,52,59,66 can't be usable
New number 02,03,07,09,24,25,34,46,47,48,50,54,56,65,67,69,70
Number 02,03,07,09,24,25,34,46,47,48,50,54,56,65,67,69,70 can't be usable
New number 02,03,04,05,08,10,14,15,17,20,21,25,30,33,37,42,46
Number 02,03,04,05,08,10,14,15,17,20,21,25,30,33,37,42,46 can't be usable
New number 07,08,09,11,15,23,32,33,37,38,39,48,51,57,61,63,65
Number 07,08,09,11,15,23,32,33,37,38,39,48,51,57,61,63,65 can't be usable
New number 07,09,16,18,22,25,26,28,35,36,43,44,49,51,53,57,70
Number 07,09,16,18,22,25,26,28,35,36,43,44,49,51,53,57,70 can't be usable
New number 14,16,17,28,33,36,39,43,45,47,49,51,53,55,59,60,70
Number 14,16,17,28,33,36,39,43,45,47,49,51,53,55,59,60,70 can't be usable
New number 07,10,12,14,18,25,26,32,36,46,47,50,52,53,55,65,68
Number 07,10,12,14,18,25,26,32,36,46,47,50,52,53,55,65,68 can't be usable
New number 01,03,10,11,16,26,34,39,40,43,45,48,50,51,55,57,67
Number 01,03,10,11,16,26,34,39,40,43,45,48,50,51,55,57,67 can't be usable
New number 13,14,16,17,18,20,23,31,32,36,38,47,50,55,56,68,69
Number 13,14,16,17,18,20,23,31,32,36,38,47,50,55,56,68,69 can't be usable
New number 03,06,12,19,20,22,28,30,33,36,39,43,52,53,59,61,67
Number 03,06,12,19,20,22,28,30,33,36,39,43,52,53,59,61,67 can't be usable
New number 03,17,22,25,27,28,32,36,40,42,43,45,51,53,56,57,61
Number 03,17,22,25,27,28,32,36,40,42,43,45,51,53,56,57,61 can't be usable
New number 05,06,12,16,17,21,33,45,46,47,48,50,51,55,56,58,69
Number 05,06,12,16,17,21,33,45,46,47,48,50,51,55,56,58,69 can't be usable
New number 04,05,11,13,16,26,29,34,36,39,45,47,48,60,63,68,69
Number 04,05,11,13,16,26,29,34,36,39,45,47,48,60,63,68,69 can't be usable
New number 09,13,14,17,23,26,28,31,42,44,49,51,52,53,58,61,62
Number 09,13,14,17,23,26,28,31,42,44,49,51,52,53,58,61,62 can't be usable
New number 05,18,21,22,30,39,40,47,50,53,55,56,57,60,61,63,67
Number 05,18,21,22,30,39,40,47,50,53,55,56,57,60,61,63,67 can't be usable
New number 10,19,22,26,30,32,42,46,47,48,50,54,57,62,68,69,70
Number 10,19,22,26,30,32,42,46,47,48,50,54,57,62,68,69,70 can't be usable
New number 03,08,09,14,16,23,24,32,40,42,44,48,50,51,54,59,63
Number 03,08,09,14,16,23,24,32,40,42,44,48,50,51,54,59,63 can't be usable
New number 09,10,23,27,29,34,35,38,41,46,47,48,49,51,54,57,63
Number 09,10,23,27,29,34,35,38,41,46,47,48,49,51,54,57,63 can't be usable
New number 01,04,11,20,25,26,28,29,36,39,45,50,51,55,56,63,64
Number 01,04,11,20,25,26,28,29,36,39,45,50,51,55,56,63,64 can't be usable
New number 01,08,10,11,12,15,19,22,41,43,47,48,53,56,59,60,61
Number 01,08,10,11,12,15,19,22,41,43,47,48,53,56,59,60,61 can't be usable
New number 05,06,12,20,22,27,28,32,37,44,45,47,52,57,59,65,67
Number 05,06,12,20,22,27,28,32,37,44,45,47,52,57,59,65,67 can't be usable
New number 09,13,14,18,19,26,30,37,38,42,47,48,54,55,61,67,69
Number 09,13,14,18,19,26,30,37,38,42,47,48,54,55,61,67,69 can't be usable
New number 01,05,06,14,32,33,37,38,44,50,51,56,57,62,63,66,70
Number 01,05,06,14,32,33,37,38,44,50,51,56,57,62,63,66,70 can't be usable
New number 05,10,17,21,25,26,33,34,35,37,39,43,51,54,56,60,70
Number 05,10,17,21,25,26,33,34,35,37,39,43,51,54,56,60,70 can't be usable
New number 01,05,21,25,26,30,39,40,42,47,49,53,58,61,63,69,70
Number 01,05,21,25,26,30,39,40,42,47,49,53,58,61,63,69,70 can't be usable
New number 02,06,13,17,22,23,27,29,34,41,48,50,53,54,63,65,70
Number 02,06,13,17,22,23,27,29,34,41,48,50,53,54,63,65,70 can't be usable
New number 01,11,14,15,19,20,21,23,28,32,38,45,53,56,57,60,64
Number 01,11,14,15,19,20,21,23,28,32,38,45,53,56,57,60,64 can't be usable
New number 03,05,15,16,23,25,26,28,37,43,45,46,50,53,55,64,66
Number 03,05,15,16,23,25,26,28,37,43,45,46,50,53,55,64,66 can't be usable
New number 07,15,19,23,24,26,34,39,40,42,46,52,55,59,63,67,69
Number 07,15,19,23,24,26,34,39,40,42,46,52,55,59,63,67,69 can't be usable
New number 02,03,05,07,10,13,24,27,31,35,39,44,48,54,56,58,61
Number 02,03,05,07,10,13,24,27,31,35,39,44,48,54,56,58,61 can't be usable
New number 05,06,13,15,16,19,21,24,25,26,40,44,52,58,60,62,63
Number 05,06,13,15,16,19,21,24,25,26,40,44,52,58,60,62,63 can't be usable
New number 01,04,05,08,19,27,32,39,41,44,45,54,56,58,63,65,66
Number 01,04,05,08,19,27,32,39,41,44,45,54,56,58,63,65,66 can't be usable
