New number 11,14,18,25,28,30,31,32,35,46,48,55,63,64,67,68,70
SubNumber 25,28,30,31,32 exists
Number 11,14,18,25,28,30,31,32,35,46,48,55,63,64,67,68,70 can't be usable
New number 04,10,12,21,23,24,25,26,43,46,51,52,55,56,61,64,69
SubNumber 21,23,24,25,26 exists
Number 04,10,12,21,23,24,25,26,43,46,51,52,55,56,61,64,69 can't be usable
New number 02,07,11,12,15,18,23,26,41,44,50,52,54,55,61,63,65
SubNumber 02,07,11,12,15 exists
Number 02,07,11,12,15,18,23,26,41,44,50,52,54,55,61,63,65 can't be usable
New number 06,11,12,27,29,35,38,45,49,50,52,55,57,60,63,65,70
SubNumber 35,38,45,49,50 exists
Number 06,11,12,27,29,35,38,45,49,50,52,55,57,60,63,65,70 can't be usable
New number 03,05,06,14,15,17,22,26,27,30,35,38,44,54,56,68,70
SubNumber 05,06,14,15,17 exists
Number 03,05,06,14,15,17,22,26,27,30,35,38,44,54,56,68,70 can't be usable
New number 02,03,05,08,09,12,15,21,24,26,34,35,37,38,49,51,55
SubNumber 02,03,05,08,09 exists
Number 02,03,05,08,09,12,15,21,24,26,34,35,37,38,49,51,55 can't be usable
New number 02,08,13,14,15,18,19,25,29,38,39,41,42,47,51,53,54
SubNumber 13,14,15,18,19 exists
Number 02,08,13,14,15,18,19,25,29,38,39,41,42,47,51,53,54 can't be usable
New number 02,04,05,06,16,18,19,23,24,27,40,47,56,61,65,66,68
SubNumber 05,06,16,18,19 exists
Number 02,04,05,06,16,18,19,23,24,27,40,47,56,61,65,66,68 can't be usable
New number 04,06,08,11,12,14,23,24,37,38,40,44,52,54,59,63,70
SubNumber 04,06,08,11,12 exists
Number 04,06,08,11,12,14,23,24,37,38,40,44,52,54,59,63,70 can't be usable
New number 06,14,19,22,24,32,35,45,48,50,54,58,59,60,63,65,70
SubNumber 48,50,54,58,59 exists
Number 06,14,19,22,24,32,35,45,48,50,54,58,59,60,63,65,70 can't be usable
New number 04,07,13,16,28,33,34,36,37,39,41,46,49,51,56,62,64
SubNumber 33,34,36,37,39 exists
Number 04,07,13,16,28,33,34,36,37,39,41,46,49,51,56,62,64 can't be usable
New number 01,04,16,29,30,36,38,39,42,44,45,47,48,55,65,66,69
SubNumber 29,30,36,38,39 exists
Number 01,04,16,29,30,36,38,39,42,44,45,47,48,55,65,66,69 can't be usable
New number 02,04,07,12,16,21,23,26,28,29,30,44,48,56,58,59,70
SubNumber 07,12,16,21,23 exists
Number 02,04,07,12,16,21,23,26,28,29,30,44,48,56,58,59,70 can't be usable
New number 02,03,09,14,18,25,36,37,39,41,43,47,50,51,53,58,67
SubNumber 36,37,39,41,43 exists
Number 02,03,09,14,18,25,36,37,39,41,43,47,50,51,53,58,67 can't be usable
New number 03,04,05,13,14,24,32,37,40,41,43,52,54,62,64,66,70
SubNumber 24,32,37,40,41 exists
Number 03,04,05,13,14,24,32,37,40,41,43,52,54,62,64,66,70 can't be usable
New number 05,07,16,17,19,27,31,32,38,41,49,50,52,53,54,59,61
SubNumber 17,19,27,31,32 exists
Number 05,07,16,17,19,27,31,32,38,41,49,50,52,53,54,59,61 can't be usable
New number 01,20,24,25,27,33,34,35,42,43,45,50,53,55,59,63,69
SubNumber 20,24,25,27,33 exists
Number 01,20,24,25,27,33,34,35,42,43,45,50,53,55,59,63,69 can't be usable
New number 06,10,12,21,23,27,33,35,38,41,45,49,50,61,65,66,67
SubNumber 21,23,27,33,35 exists
Number 06,10,12,21,23,27,33,35,38,41,45,49,50,61,65,66,67 can't be usable
New number 08,11,12,13,20,22,25,26,27,36,45,46,55,63,67,68,69
SubNumber 08,11,12,13,20 exists
Number 08,11,12,13,20,22,25,26,27,36,45,46,55,63,67,68,69 can't be usable
New number 01,02,03,05,08,10,13,20,30,38,44,51,52,54,55,68,70
SubNumber 01,02,03,05,08 exists
Number 01,02,03,05,08,10,13,20,30,38,44,51,52,54,55,68,70 can't be usable
New number 02,03,13,14,22,24,29,36,42,49,52,53,56,60,62,64,66
SubNumber 13,14,22,24,29 exists
Number 02,03,13,14,22,24,29,36,42,49,52,53,56,60,62,64,66 can't be usable
New number 05,20,24,28,31,34,36,45,47,48,50,53,56,62,66,67,69
SubNumber 24,28,31,34,36 exists
Number 05,20,24,28,31,34,36,45,47,48,50,53,56,62,66,67,69 can't be usable
New number 01,02,04,22,23,29,35,37,38,39,42,45,48,50,58,66,69
SubNumber 23,29,35,37,38 exists
Number 01,02,04,22,23,29,35,37,38,39,42,45,48,50,58,66,69 can't be usable
New number 04,06,14,16,18,22,28,31,34,37,39,40,45,47,56,59,62
SubNumber 06,14,16,18,22 exists
Number 04,06,14,16,18,22,28,31,34,37,39,40,45,47,56,59,62 can't be usable
New number 01,05,08,10,14,17,20,24,25,27,40,41,46,50,66,67,68
SubNumber 05,08,10,14,17 exists
Number 01,05,08,10,14,17,20,24,25,27,40,41,46,50,66,67,68 can't be usable
New number 02,05,07,11,19,21,28,31,34,35,36,43,47,49,54,66,67
SubNumber 02,05,07,11,19 exists
Number 02,05,07,11,19,21,28,31,34,35,36,43,47,49,54,66,67 can't be usable
New number 02,04,07,09,14,21,25,28,29,31,37,42,53,54,60,61,68
SubNumber 25,28,29,31,37 exists
Number 02,04,07,09,14,21,25,28,29,31,37,42,53,54,60,61,68 can't be usable
New number 03,09,11,20,25,27,28,30,32,41,42,46,52,53,65,68,70
SubNumber 20,25,27,28,30 exists
Number 03,09,11,20,25,27,28,30,32,41,42,46,52,53,65,68,70 can't be usable
New number 04,07,11,12,21,22,30,39,43,48,50,51,54,55,58,65,67
SubNumber 48,50,51,54,55 exists
Number 04,07,11,12,21,22,30,39,43,48,50,51,54,55,58,65,67 can't be usable
New number 06,19,24,26,28,31,32,33,34,38,39,49,54,60,62,64,67
SubNumber 24,26,28,31,32 exists
Number 06,19,24,26,28,31,32,33,34,38,39,49,54,60,62,64,67 can't be usable
New number 02,15,17,20,23,25,27,30,33,40,46,56,59,62,65,69,70
SubNumber 15,17,20,23,25 exists
Number 02,15,17,20,23,25,27,30,33,40,46,56,59,62,65,69,70 can't be usable
New number 05,10,11,15,16,17,34,39,40,41,43,44,45,48,50,51,60
SubNumber 10,11,15,16,17 exists
Number 05,10,11,15,16,17,34,39,40,41,43,44,45,48,50,51,60 can't be usable
New number 03,06,07,21,22,29,31,32,35,36,44,46,54,59,60,63,66
SubNumber 29,31,32,35,36 exists
Number 03,06,07,21,22,29,31,32,35,36,44,46,54,59,60,63,66 can't be usable
New number 09,14,16,20,21,25,30,35,41,48,50,52,53,60,67,68,70
SubNumber 14,16,20,21,25 exists
Number 09,14,16,20,21,25,30,35,41,48,50,52,53,60,67,68,70 can't be usable
New number 05,11,13,15,17,20,29,30,40,44,46,47,48,52,56,59,66
SubNumber 11,13,15,17,20 exists
Number 05,11,13,15,17,20,29,30,40,44,46,47,48,52,56,59,66 can't be usable
New number 01,05,11,12,13,14,25,30,31,36,37,38,39,43,45,48,58
SubNumber 05,11,12,13,14 exists
Number 01,05,11,12,13,14,25,30,31,36,37,38,39,43,45,48,58 can't be usable
New number 04,07,14,27,28,29,34,39,40,44,54,55,56,59,63,66,67
SubNumber 27,28,29,34,39 exists
Number 04,07,14,27,28,29,34,39,40,44,54,55,56,59,63,66,67 can't be usable
New number 01,04,09,16,17,21,25,29,30,31,33,34,47,53,54,60,61
SubNumber 01,04,09,16,17 exists
Number 01,04,09,16,17,21,25,29,30,31,33,34,47,53,54,60,61 can't be usable
New number 03,04,08,10,13,14,17,20,28,29,30,31,32,34,48,49,57
SubNumber 03,04,08,10,13 exists
Number 03,04,08,10,13,14,17,20,28,29,30,31,32,34,48,49,57 can't be usable
New number 06,16,17,23,25,27,29,30,32,35,41,42,45,62,64,65,70
SubNumber 17,23,25,27,29 exists
Number 06,16,17,23,25,27,29,30,32,35,41,42,45,62,64,65,70 can't be usable
New number 04,08,19,24,25,28,35,36,37,45,47,55,58,60,66,67,68
SubNumber 19,24,25,28,35 exists
Number 04,08,19,24,25,28,35,36,37,45,47,55,58,60,66,67,68 can't be usable
New number 11,16,19,21,23,28,29,31,32,36,44,45,46,56,63,66,67
SubNumber 16,19,21,23,28 exists
Number 11,16,19,21,23,28,29,31,32,36,44,45,46,56,63,66,67 can't be usable
New number 03,06,08,15,18,21,31,32,35,39,40,42,45,57,66,68,69
SubNumber 03,06,08,15,18 exists
Number 03,06,08,15,18,21,31,32,35,39,40,42,45,57,66,68,69 can't be usable
New number 03,08,10,15,23,27,34,36,42,45,46,49,53,57,63,65,69
SubNumber 36,42,45,46,49 exists
Number 03,08,10,15,23,27,34,36,42,45,46,49,53,57,63,65,69 can't be usable
New number 05,09,16,22,24,28,31,39,43,50,52,57,58,66,67,69,70
SubNumber 24,28,31,39,43 exists
Number 05,09,16,22,24,28,31,39,43,50,52,57,58,66,67,69,70 can't be usable
New number 01,02,09,10,12,18,21,22,25,32,34,44,60,62,65,68,70
SubNumber 02,09,10,12,18 exists
Number 01,02,09,10,12,18,21,22,25,32,34,44,60,62,65,68,70 can't be usable
New number 09,10,12,15,27,31,32,33,36,37,42,46,56,59,61,66,69
SubNumber 27,31,32,33,36 exists
Number 09,10,12,15,27,31,32,33,36,37,42,46,56,59,61,66,69 can't be usable
New number 01,05,11,21,30,37,38,41,43,46,50,53,55,57,62,66,70
SubNumber 37,38,41,43,46 exists
Number 01,05,11,21,30,37,38,41,43,46,50,53,55,57,62,66,70 can't be usable
New number 10,19,21,27,29,30,36,41,43,48,49,51,53,57,63,64,65
SubNumber 36,41,43,48,49 exists
Number 10,19,21,27,29,30,36,41,43,48,49,51,53,57,63,64,65 can't be usable
New number 03,07,15,16,17,23,25,26,32,34,43,51,56,63,66,69,70
SubNumber 03,07,15,16,17 exists
Number 03,07,15,16,17,23,25,26,32,34,43,51,56,63,66,69,70 can't be usable
New number 04,06,10,15,18,22,30,33,34,38,44,55,58,62,64,67,69
You can use number 04,06,10,15,18,22,30,33,34,38,44,55,58,62,64,67,69 Good Luck!
New number 01,11,12,13,14,15,20,22,27,30,47,50,51,52,54,57,69
SubNumber 01,11,12,13,14 exists
Number 01,11,12,13,14,15,20,22,27,30,47,50,51,52,54,57,69 can't be usable
New number 09,12,21,23,24,31,32,35,40,41,44,57,58,61,64,66,69
SubNumber 31,32,35,40,41 exists
Number 09,12,21,23,24,31,32,35,40,41,44,57,58,61,64,66,69 can't be usable
New number 09,13,15,25,27,30,41,44,45,50,52,57,58,64,65,68,69
SubNumber 27,30,41,44,45 exists
Number 09,13,15,25,27,30,41,44,45,50,52,57,58,64,65,68,69 can't be usable
New number 02,03,04,06,08,14,19,26,33,34,37,38,39,47,55,66,68
SubNumber 02,03,04,06,08 exists
Number 02,03,04,06,08,14,19,26,33,34,37,38,39,47,55,66,68 can't be usable
New number 08,12,18,23,27,33,34,38,41,50,52,55,56,59,61,62,66
SubNumber 23,27,33,34,38 exists
Number 08,12,18,23,27,33,34,38,41,50,52,55,56,59,61,62,66 can't be usable
New number 01,12,16,27,29,32,36,38,40,42,43,49,56,59,62,67,68
SubNumber 32,36,38,40,42 exists
Number 01,12,16,27,29,32,36,38,40,42,43,49,56,59,62,67,68 can't be usable
New number 05,08,12,16,20,23,25,29,36,41,43,45,51,53,54,63,68
SubNumber 12,16,20,23,25 exists
Number 05,08,12,16,20,23,25,29,36,41,43,45,51,53,54,63,68 can't be usable
New number 03,04,11,13,18,25,29,30,31,32,33,37,38,49,54,57,67
SubNumber 13,18,25,29,30 exists
Number 03,04,11,13,18,25,29,30,31,32,33,37,38,49,54,57,67 can't be usable
New number 02,03,05,11,15,17,19,21,22,35,37,38,45,46,54,58,61
SubNumber 11,15,17,19,21 exists
Number 02,03,05,11,15,17,19,21,22,35,37,38,45,46,54,58,61 can't be usable
New number 07,12,22,23,24,28,29,30,32,38,46,52,57,59,65,66,69
SubNumber 07,12,22,23,24 exists
Number 07,12,22,23,24,28,29,30,32,38,46,52,57,59,65,66,69 can't be usable
New number 05,12,15,19,21,22,24,37,38,44,45,46,48,54,58,62,68
SubNumber 15,19,21,22,24 exists
Number 05,12,15,19,21,22,24,37,38,44,45,46,48,54,58,62,68 can't be usable
New number 02,05,06,10,13,16,17,18,25,33,35,39,45,50,55,60,70
SubNumber 10,13,16,17,18 exists
Number 02,05,06,10,13,16,17,18,25,33,35,39,45,50,55,60,70 can't be usable
New number 05,06,08,10,15,16,23,24,28,29,42,43,49,53,56,66,68
SubNumber 05,06,08,10,15 exists
Number 05,06,08,10,15,16,23,24,28,29,42,43,49,53,56,66,68 can't be usable
New number 01,17,19,24,27,30,31,32,33,35,38,39,45,49,51,54,62
SubNumber 24,27,30,31,32 exists
Number 01,17,19,24,27,30,31,32,33,35,38,39,45,49,51,54,62 can't be usable
New number 10,11,15,16,18,21,27,30,31,37,41,42,46,50,53,54,60
SubNumber 15,16,18,21,27 exists
Number 10,11,15,16,18,21,27,30,31,37,41,42,46,50,53,54,60 can't be usable
New number 02,13,16,17,18,34,37,43,47,48,49,54,55,57,62,68,69
SubNumber 13,16,17,18,34 exists
Number 02,13,16,17,18,34,37,43,47,48,49,54,55,57,62,68,69 can't be usable
New number 03,07,09,13,16,20,31,37,38,39,41,47,48,52,55,57,59
SubNumber 03,07,09,13,16 exists
Number 03,07,09,13,16,20,31,37,38,39,41,47,48,52,55,57,59 can't be usable
New number 01,05,14,15,18,19,21,23,29,33,41,51,53,55,63,64,67
SubNumber 01,05,14,15,18 exists
Number 01,05,14,15,18,19,21,23,29,33,41,51,53,55,63,64,67 can't be usable
New number 04,10,15,17,32,36,39,40,45,46,52,53,56,57,61,64,67
SubNumber 32,36,39,40,45 exists
Number 04,10,15,17,32,36,39,40,45,46,52,53,56,57,61,64,67 can't be usable
New number 06,08,11,15,16,19,23,26,27,31,32,34,39,44,45,49,70
SubNumber 06,08,11,15,16 exists
Number 06,08,11,15,16,19,23,26,27,31,32,34,39,44,45,49,70 can't be usable
New number 03,10,13,16,30,37,41,43,44,48,49,55,56,57,58,66,69
SubNumber 30,37,41,43,44 exists
Number 03,10,13,16,30,37,41,43,44,48,49,55,56,57,58,66,69 can't be usable
New number 02,07,08,10,12,26,27,28,35,38,43,45,52,53,59,61,66
SubNumber 02,07,08,10,12 exists
Number 02,07,08,10,12,26,27,28,35,38,43,45,52,53,59,61,66 can't be usable
New number 02,10,14,16,26,28,30,33,36,39,42,44,45,47,59,66,67
SubNumber 26,28,30,33,36 exists
Number 02,10,14,16,26,28,30,33,36,39,42,44,45,47,59,66,67 can't be usable
New number 04,06,07,15,16,19,21,24,26,28,35,38,43,46,50,64,67
SubNumber 04,06,07,15,16 exists
Number 04,06,07,15,16,19,21,24,26,28,35,38,43,46,50,64,67 can't be usable
New number 04,10,11,15,20,24,27,31,32,33,39,43,45,47,52,59,64
SubNumber 24,27,31,32,33 exists
Number 04,10,11,15,20,24,27,31,32,33,39,43,45,47,52,59,64 can't be usable
New number 04,07,08,10,16,27,31,35,36,37,43,45,46,52,54,57,66
SubNumber 27,31,35,36,37 exists
Number 04,07,08,10,16,27,31,35,36,37,43,45,46,52,54,57,66 can't be usable
New number 01,05,07,14,21,23,24,31,34,38,47,50,56,60,61,66,68
SubNumber 21,23,24,31,34 exists
Number 01,05,07,14,21,23,24,31,34,38,47,50,56,60,61,66,68 can't be usable
New number 01,16,19,21,29,31,34,37,38,47,48,50,51,52,64,65,70
SubNumber 01,16,19,21,29 exists
Number 01,16,19,21,29,31,34,37,38,47,48,50,51,52,64,65,70 can't be usable
New number 05,10,16,18,19,21,22,30,31,34,37,42,43,45,48,69,70
SubNumber 16,18,19,21,22 exists
Number 05,10,16,18,19,21,22,30,31,34,37,42,43,45,48,69,70 can't be usable
New number 01,03,05,09,11,15,17,21,25,27,28,37,42,43,44,51,65
SubNumber 01,03,05,09,11 exists
Number 01,03,05,09,11,15,17,21,25,27,28,37,42,43,44,51,65 can't be usable
New number 05,10,11,16,19,21,22,28,30,41,44,47,48,52,61,63,67
SubNumber 05,10,11,16,19 exists
Number 05,10,11,16,19,21,22,28,30,41,44,47,48,52,61,63,67 can't be usable
New number 01,03,04,11,18,19,20,25,28,32,36,42,46,50,54,55,60
SubNumber 18,19,20,25,28 exists
Number 01,03,04,11,18,19,20,25,28,32,36,42,46,50,54,55,60 can't be usable
New number 02,03,04,05,07,08,10,13,18,24,30,43,45,48,58,68,70
SubNumber 02,03,04,05,07 exists
Number 02,03,04,05,07,08,10,13,18,24,30,43,45,48,58,68,70 can't be usable
New number 08,13,21,22,25,27,28,29,44,46,48,56,58,59,64,65,68
SubNumber 21,22,25,27,28 exists
Number 08,13,21,22,25,27,28,29,44,46,48,56,58,59,64,65,68 can't be usable
New number 02,08,13,16,21,27,33,39,43,50,51,53,54,55,61,64,69
SubNumber 43,50,51,53,54 exists
Number 02,08,13,16,21,27,33,39,43,50,51,53,54,55,61,64,69 can't be usable
New number 04,08,09,13,14,16,19,20,26,28,32,34,39,42,58,64,66
SubNumber 08,09,13,14,16 exists
Number 04,08,09,13,14,16,19,20,26,28,32,34,39,42,58,64,66 can't be usable
New number 01,05,06,07,09,13,14,16,17,24,26,28,44,47,50,54,70
SubNumber 01,05,06,07,09 exists
Number 01,05,06,07,09,13,14,16,17,24,26,28,44,47,50,54,70 can't be usable
New number 01,03,04,10,13,16,22,27,30,31,34,40,48,49,53,69,70
SubNumber 01,03,04,10,13 exists
Number 01,03,04,10,13,16,22,27,30,31,34,40,48,49,53,69,70 can't be usable
New number 01,05,06,16,19,26,27,45,51,55,56,60,61,62,63,65,66
SubNumber 45,51,55,56,60 exists
Number 01,05,06,16,19,26,27,45,51,55,56,60,61,62,63,65,66 can't be usable
New number 11,18,28,29,31,34,36,40,41,42,48,49,55,57,64,65,66
SubNumber 18,28,29,31,34 exists
Number 11,18,28,29,31,34,36,40,41,42,48,49,55,57,64,65,66 can't be usable
New number 06,12,14,15,22,23,40,46,52,54,55,56,57,59,60,61,70
SubNumber 06,12,14,15,22 exists
Number 06,12,14,15,22,23,40,46,52,54,55,56,57,59,60,61,70 can't be usable
New number 06,11,14,15,21,22,26,35,36,41,42,44,53,55,57,67,70
SubNumber 11,14,15,21,22 exists
Number 06,11,14,15,21,22,26,35,36,41,42,44,53,55,57,67,70 can't be usable
New number 01,11,15,17,18,20,21,25,33,41,45,49,52,55,59,61,66
SubNumber 11,15,17,18,20 exists
Number 01,11,15,17,18,20,21,25,33,41,45,49,52,55,59,61,66 can't be usable
New number 01,11,13,14,16,26,28,29,38,39,52,54,60,63,67,68,70
SubNumber 11,13,14,16,26 exists
Number 01,11,13,14,16,26,28,29,38,39,52,54,60,63,67,68,70 can't be usable
New number 01,11,15,16,18,24,28,29,35,43,46,47,50,52,58,62,65
SubNumber 29,35,43,46,47 exists
Number 01,11,15,16,18,24,28,29,35,43,46,47,50,52,58,62,65 can't be usable
New number 02,14,17,21,31,34,35,42,44,46,47,48,50,51,55,59,68
SubNumber 31,34,35,42,44 exists
Number 02,14,17,21,31,34,35,42,44,46,47,48,50,51,55,59,68 can't be usable
New number 10,15,19,24,25,30,31,32,34,44,45,47,49,58,60,66,69
SubNumber 15,19,24,25,30 exists
Number 10,15,19,24,25,30,31,32,34,44,45,47,49,58,60,66,69 can't be usable
New number 01,09,12,16,19,22,25,26,28,30,46,48,51,53,58,63,65
SubNumber 19,22,25,26,28 exists
Number 01,09,12,16,19,22,25,26,28,30,46,48,51,53,58,63,65 can't be usable
New number 01,14,15,21,22,24,25,35,44,46,48,56,59,60,62,63,64
SubNumber 15,21,22,24,25 exists
Number 01,14,15,21,22,24,25,35,44,46,48,56,59,60,62,63,64 can't be usable
